% Universidad de Malaga - ETSI de Telecomunicacion (Spain)                         
% Date: 2016-05-29_22:00:46                                                        
% ID: Subject_18_FALL_lateralFall_6                                                
% Name: Subject_18                                                                 
% Age: 24                                                                          
% Height(cm): 177                                                                  
% Weight(Kg): 66                                                                   
% Gender: M                                                                        
                                                                                    
% Type of Movement: FALL                                                           
% Type of Movement: TRUE                                                           
% Description of the movement: lateralFall                                         
% Trial: 6                                                                         
                                                                                    
% Number of Sensors: 4                                                             
                                                                                    
% Used Smartphone: samsung-samsung-SM-G900F-5.0                                    
% Smartphone's Accelerometer: MPU6500 Acceleration Sensor - Vendor: Invensense     
% --> Version: 1                                                                   
% --> Min - Max Delay: 5000us - 200000us                                           
% --> Maximum Range: 2.0000000329864256 G                                          
% --> Resolution: 6.103515725666582E-5 G                                           
                                                                                    
% SensorTag's Accelerometer: MPU-9250 MEMS MotionTracking Device - Invensense      
% --> Maximum Range: 16 G                                                          
% --> Resolution: 0.00024 G                                                        
                                                                                    
% MAC Address; Sensor_ID; Position; Device Model                                   
%F4:09:D8:72:64:3A;0; RIGHTPOCKET; samsung-SM-G900F-5.0                            
%C4:BE:84:71:A5:02;2; WAIST; SensorTag                                             
%C4:BE:84:70:64:8A;1; CHEST; SensorTag                                             
%C4:BE:84:70:0E:80;3; WRIST; SensorTag                                             
                                                                                    
                                                                                    
% Sensor_Type:                                                                     
% Accelerometer = 0                                                                
% Gyroscope = 1                                                                    
% Magnetometer = 2                                                                 
                                                                                    
                                                                                    
% TimeStamp; Sample No; X-Axis; Y-Axis; Z-Axis; Sensor Type; Sensor ID;            
163;1;0.147455677;1.013574719;0.05169493;0;0
163;2;0.147943944;1.013574719;0.057065833;0;0
163;3;0.158197477;1.004297614;0.062436737;0;0
163;4;0.143549562;1.005762458;0.060971946;0;0
163;5;0.156732693;0.984278798;0.06585458700000001;0;0
163;6;0.144526094;0.985743582;0.078061178;0;0
163;7;0.161127061;0.9818375110000001;0.070248954;0;0
163;8;0.145502627;0.985255361;0.06878417000000001;0;0
163;9;0.160150543;0.976466596;0.057554096;0;0
163;10;0.160150543;0.975978315;0.06585458700000001;0;0
163;11;0.15917401;0.977443099;0.076596387;0;0
163;12;0.145502627;0.965236545;0.071713746;0;0
163;13;0.154779628;0.972072244;0.049741879;0;0
163;14;0.14843221;0.963283479;0.057554096;0;0
163;15;0.152338311;0.980860949;0.052183192;0;0
163;16;0.137202129;0.975001812;0.049741879;0;0
164;17;0.135249078;0.991114497;0.08733819399999999;0;0
164;18;0.127925113;0.995997131;0.069272429;0;0
164;19;0.12060117;0.98867321;0.059507158;0;0
164;20;0.124995537;0.9867201450000001;0.08977951100000001;0;0
164;21;0.137690395;0.998926699;0.06878417000000001;0;0
164;22;0.137690395;0.992091;0.07415507;0;0
164;23;0.116695046;0.984278798;0.08294381200000001;0;0
164;24;0.125483796;0.993067563;0.09222082800000001;0;0
164;25;0.12060117;0.989649713;0.08392034499999999;0;0
164;26;0.121577695;0.992091;0.08733819399999999;0;0
164;27;0.128901646;0.99550885;0.07220201900000001;0;0
164;28;0.127436861;0.977443099;0.08050249499999999;0;0
164;29;0.121089429;0.990137994;0.09026777;0;0
164;30;0.128413379;0.971095681;0.07415507;0;0
164;31;0.124995537;0.968654394;0.064389788;0;0
164;32;0.113765471;0.972072244;0.08636166200000001;0;0
164;33;0.133784294;0.97060746;0.075131595;0;0
167;34;0.122065961;0.975001812;0.062436737;0;0
181;35;0.120112903;0.998926699;0.06585458700000001;0;0
181;36;0.115718521;0.992579281;0.06292500299999999;0;0
187;37;0.118648104;1.009668469;0.070248954;0;0
187;38;0.125972062;1.009668469;0.075131595;0;0
194;39;0.116695046;0.995997131;0.058042359;0;0
202;40;0.13036643;0.991114497;0.056577571;0;0
202;41;0.111812413;0.991602778;0.061460208;0;0
208;42;0.115718521;0.98867321;0.07708464600000001;0;0
221;43;0.111812413;0.984278798;0.064878054;0;0
222;44;0.114741996;0.975490093;0.071713746;0;0
222;45;0.110835887;0.9867201450000001;0.078549445;0;0
227;46;0.10351193;0.982814014;0.059018888;0;0
232;47;0.102535404;0.997461915;0.07415507;0;0
237;48;0.106929787;0.995020628;0.079037711;0;0
243;49;0.105953246;0.991114497;0.07415507;0;0
247;50;0.11425373;0.995020628;0.067319378;0;0
253;51;0.113277204;0.975001812;0.061460208;0;0
257;52;0.104976714;0.984278798;0.067319378;0;0
259;53;0.113277204;0.989161432;0.06878417000000001;0;0
264;54;0.115718521;0.993555844;0.06292500299999999;0;0
269;55;0.115718521;0.98134923;0.068295904;0;0
275;56;0.040525898;1.056053638;-0.369676739;0;0
280;57;0.291981786;1.062401056;0.526287377;0;0
284;58;0.076169156;1.014551282;-0.123591781;0;0
290;59;0.056638602;0.9867201450000001;-0.148981497;0;0
293;60;0.045896802;0.958889127;-0.15386413;0;0
299;61;0.064450823;0.938870311;-0.066464916;0;0
304;62;0.084469646;0.921781123;-0.002990616;0;0
310;63;0.112788945;0.925687194;0.076596387;0;0
313;64;-0.029295828;0.974513531;0.478437513;0;0
318;65;0.318836272;0.962795198;-0.13579838;0;0
324;66;0.077633947;1.009668469;0.519451678;0;0
328;67;0.245108441;0.975978315;-0.386765987;0;0
334;68;-0.06493908900000001;0.949123859;-0.224174112;0;0
338;69;0.090817071;0.94570601;-0.409714371;0;0
343;70;-0.044432007;0.97060746;0.005798133;0;0
348;71;0.251455873;1.034569979;-0.09576074;0;0
353;72;-0.016112706;0.984278798;0.156671658;0;0
358;73;0.234854892;1.001856327;-0.09038984;0;0
363;74;0.08056352999999999;1.019922137;0.387132168;0;0
368;75;0.238761023;1.010156751;-0.20562011;0;0
373;76;0.046873327;0.974513531;-0.144098863;0;0
377;77;0.221183509;1.029199123;0.289967686;0;0
383;78;0.03857284;0.9696308970000001;0.032652643;0;0
388;79;0.193352476;0.999903262;-0.002990616;0;0
393;80;0.135249078;0.968654394;0.08392034499999999;0;0
397;81;0.152826577;0.997461915;0.075131595;0;0
403;82;0.136713877;0.995020628;0.071713746;0;0
407;83;0.138178661;0.9867201450000001;0.071713746;0;0
412;84;0.078122206;1.052147508;0.310963035;0;0
417;85;0.08691096299999999;0.941799879;-0.129939198;0;0
423;86;0.128413379;0.972072244;0.353441983;0;0
427;87;0.097652771;0.941311657;-0.059140954;0;0
432;88;0.079587005;0.950588644;0.174737424;0;0
437;89;0.159662277;0.965236545;0.251394838;0;0
442;90;0.140131712;0.971583962;0.157159925;0;0
447;91;0.193352476;1.00625062;0.000915;0;0
453;92;0.116695046;1.006738901;0.095150411;0;0
457;93;0.131831244;0.989161432;0.188408807;0;0
462;94;0.228995726;1.033105254;0.006286397;0;0
467;95;0.100582346;1.000879765;-0.066464916;0;0
471;96;0.181145877;1.008692026;-0.06744144100000001;0;0
476;97;0.088375755;0.979884446;0.247976974;0;0
482;98;0.266592056;1.012109876;-0.193413496;0;0
487;99;0.136713877;1.012598157;0.158624709;0;0
491;100;0.227042675;1.013574719;0.323169619;0;0
496;101;0.026366245;0.913480639;-0.014708947;0;0
503;102;0.314441919;0.999903262;0.164483875;0;0
506;103;-0.029295828;0.927151978;0.028258268;0;0
512;104;0.129389912;0.993067563;0.57755506;0;0
516;105;0.022460135;0.948147357;0.367601633;0;0
521;106;0.252920657;1.038964391;0.322681338;0;0
527;107;-0.004882638;0.941311657;-0.35209927;0;0
531;108;0.222648308;1.051170945;0.328540534;0;0
536;109;-0.062986031;0.945217729;-0.160699829;0;0
541;110;0.27538079;1.038964391;0.012145563;0;0
545;111;-0.084957905;0.958400846;-0.154840663;0;0
554;112;0.204582542;1.006738901;-0.013244156;0;0
561;113;0.146967411;0.968166113;-0.211967528;0;0
561;114;0.246084973;1.071189761;0.517986894;0;0
572;115;0.083981372;0.979884446;-0.24126336;0;0
572;116;0.260732859;1.071678042;0.475507915;0;0
583;117;0.065427348;0.990137994;-0.127986148;0;0
583;118;0.221671775;1.050194502;0.149835959;0;0
589;119;0.131342977;0.961818695;-0.204155326;0;0
597;120;0.039549369;0.965236545;0.285573304;0;0
597;121;0.161127061;0.927151978;-0.177789062;0;0
606;122;0.118648104;0.974025309;0.320728302;0;0
606;123;0.16991581;0.927151978;-0.063535333;0;0
613;124;0.200188175;0.997950196;0.356371552;0;0
618;125;0.221183509;1.018457294;0.080014236;0;0
623;126;0.087887488;0.992579281;0.09222082800000001;0;0
631;127;0.15722096;0.98867321;-0.069882758;0;0
631;128;0.211418226;0.968166113;0.146906376;0;0
638;129;0.114741996;0.954006493;-0.061582275;0;0
653;130;0.102535404;0.95986563;0.073178545;0;0
653;131;0.198235109;0.965724826;0.12884061;0;0
653;132;0.196770325;0.979396164;0.106868751;0;0
665;133;0.214836091;0.992091;0.133234993;0;0
665;134;0.21630089;0.993555844;0.109310068;0;0
665;135;0.195305541;0.9969736340000001;0.124446243;0;0
675;136;0.174798444;1.000879765;0.04632403;0;0
675;137;0.12255422;0.975978315;-0.005920199;0;0
679;138;0.123530746;0.9867201450000001;0.045347504;0;0
691;139;0.110835887;0.97060746;0.013122089;0;0
691;140;0.146479145;0.98867321;0.178643525;0;0
701;141;0.126948595;0.970119178;0.106868751;0;0
701;142;0.17528671;0.99550885;0.072690278;0;0
705;143;0.171380609;0.99550885;0.015075146;0;0
717;144;0.147455677;1.009668469;0.203544974;0;0
717;145;0.112300679;0.982325733;0.135676309;0;0
734;146;0.134760812;1.00625062;0.173760891;0;0
734;147;0.113765471;0.978907943;-0.019103322;0;0
734;148;0.146479145;0.993067563;0.124934509;0;0
734;149;0.160150543;0.968654394;-0.005431935;0;0
742;150;0.11425373;0.975978315;0.207939357;0;0
754;151;0.166986227;0.979884446;0.003845078;0;0
754;152;0.136713877;0.993555844;0.228934705;0;0
754;153;0.143061295;0.9696308970000001;-0.017150266;0;0
762;154;0.123042487;1.009668469;0.226981655;0;0
767;155;0.160150543;0.99550885;0.084408611;0;0
774;156;0.113277204;0.977443099;0.114192702;0;0
774;157;0.174798444;0.9769548770000001;0.034117434;0;0
786;158;0.120112903;0.9847670790000001;0.159112975;0;0
786;159;0.168451011;0.982325733;0.006774661;0;0
791;160;0.142573029;0.992579281;0.183037907;0;0
799;161;0.179681078;0.98134923;-0.005920199;0;0
799;162;0.144037828;0.96718961;0.017028201;0;0
813;163;0.186028525;0.994532347;0.111751385;0;0
813;164;0.16454491;0.998438478;0.153742075;0;0
813;165;0.188469842;1.001368046;0.08636166200000001;0;0
820;166;0.127436861;0.9969736340000001;0.097591735;0;0
828;167;0.155756161;0.982325733;0.068295904;0;0
829;168;0.146967411;0.982814014;0.059018888;0;0
834;169;0.150385261;0.98867321;0.123957977;0;0
840;170;0.118648104;0.9696308970000001;0.06634285299999999;0;0
845;171;0.137690395;0.975978315;0.106868751;0;0
849;172;0.128413379;0.954006493;0.08343207800000001;0;0
859;173;0.138666928;0.957424343;0.085385136;0;0
859;174;0.151361778;0.951565146;0.088314719;0;0
863;175;0.145990893;0.943752944;0.11272791;0;0
876;176;0.145502627;0.949123859;0.100521311;0;0
876;177;0.147943944;0.957424343;0.101497844;0;0
888;178;0.14843221;0.947659075;0.07708464600000001;0;0
888;179;0.139155194;0.962795198;0.08977951100000001;0;0
888;180;0.122065961;0.961330414;0.06536632000000001;0;0
894;181;0.139643446;0.967677832;0.073666804;0;0
898;182;0.137202129;0.973048747;0.068295904;0;0
909;183;0.165521428;0.982325733;0.067319378;0;0
909;184;0.145990893;0.997950196;0.10442742;0;0
914;185;0.15722096;0.995020628;0.102962628;0;0
919;186;0.160638794;1.009180188;0.106380485;0;0
922;187;0.162103593;1.000879765;0.107845277;0;0
929;188;0.135737345;0.995020628;0.105403945;0;0
931;189;0.145502627;0.9847670790000001;0.070248954;0;0
938;190;0.129389912;0.988184929;0.087826453;0;0
945;191;0.125972062;0.977443099;0.071713746;0;0
949;192;0.111324154;0.975490093;0.043882713;0;0
951;193;0.10644152;0.9769548770000001;0.079037711;0;0
957;194;0.106929787;0.975001812;0.07757291199999999;0;0
961;195;0.108882837;0.9696308970000001;0.073666804;0;0
966;196;0.096676238;0.974025309;0.06292500299999999;0;0
976;197;0.09814102900000001;0.965236545;0.06634285299999999;0;0
976;198;0.101070613;0.976466596;0.07073722;0;0
982;199;0.09862929600000001;0.969142675;0.087826453;0;0
989;200;0.093258388;0.983302295;0.08880297800000001;0;0
992;201;0.102535404;0.984278798;0.073666804;0;0
999;202;0.087887488;0.997950196;0.100033052;0;0
1000;203;0.091793604;0.999903262;0.101009578;0;0
1006;204;0.081540056;0.991602778;0.10442742;0;0
1010;205;0.105953246;0.991602778;0.096126936;0;0
1016;206;0.096187972;0.988184929;0.101009578;0;0
1020;207;0.099117555;0.984278798;0.091732569;0;0
1030;208;0.10644152;0.983790576;0.08929124500000001;0;0
1031;209;0.100094087;0.975001812;0.097103469;0;0
1037;210;0.09862929600000001;0.965236545;0.098568261;0;0
1042;211;0.10351193;0.970119178;0.105892211;0;0
1048;212;0.107418045;0.966213048;0.094662145;0;0
1050;213;0.116695046;0.962795198;0.08392034499999999;0;0
1057;214;0.126460329;0.97060746;0.084408611;0;0
1061;215;0.127436861;0.975001812;0.085385136;0;0
1065;216;0.125972062;0.972072244;0.106868751;0;0
1070;217;0.140131712;0.967677832;0.085873403;0;0
1075;218;0.123530746;0.979884446;0.099544786;0;0
1080;219;0.133296028;0.991114497;0.11077486;0;0
1085;220;0.143061295;0.98867321;0.094173886;0;0
1090;221;0.135737345;1.001856327;0.109310068;0;0
1097;222;0.135737345;0.99941498;0.111751385;0;0
1103;223;0.130854696;0.999903262;0.114680961;0;0
1109;224;0.139155194;1.001368046;0.101009578;0;0
1109;225;0.136713877;1.006738901;0.103450894;0;0
1115;226;0.140619978;1.002344608;0.101497844;0;0
1119;227;0.125483796;1.000879765;0.08636166200000001;0;0
1128;228;0.132319495;1.003809333;0.096126936;0;0
1130;229;0.128413379;1.004785895;0.095150411;0;0
1134;230;0.131342977;0.998926699;0.08294381200000001;0;0
1140;231;0.136225611;0.989161432;0.078061178;0;0
1146;232;0.133296028;0.989649713;0.100033052;0;0
1151;233;0.141596511;0.993555844;0.08977951100000001;0;0
1160;234;0.152826577;0.993067563;0.109310068;0;0
1160;235;0.156244412;0.993555844;0.107845277;0;0
1165;236;0.150873527;0.9969736340000001;0.097591735;0;0
1175;237;0.144526094;0.985255361;0.091244303;0;0
1175;238;0.139155194;0.989649713;0.084896877;0;0
1191;239;0.137202129;0.9818375110000001;0.094662145;0;0
1191;240;0.123042487;0.983790576;0.097591735;0;0
1191;241;0.130854696;0.982814014;0.104915686;0;0
1198;242;0.123530746;0.974025309;0.100033052;0;0
1198;243;0.124995537;0.97793138;0.07220201900000001;0;0
1204;244;0.122065961;0.978907943;0.102962628;0;0
1209;245;0.119136378;0.98134923;0.100033052;0;0
1213;246;0.135737345;0.98134923;0.098568261;0;0
1223;247;0.134760812;0.9867201450000001;0.111751385;0;0
1225;248;0.142084762;0.979396164;0.116634019;0;0
1229;249;0.136225611;0.968166113;0.104915686;0;0
1233;250;0.145014361;0.973048747;0.108333543;0;0
1240;251;0.140131712;0.971095681;0.094662145;0;0
1247;252;0.136225611;0.984278798;0.073666804;0;0
1253;253;0.146479145;0.9867201450000001;0.080014236;0;0
1253;254;0.142084762;0.985255361;0.080014236;0;0
1260;255;0.140619978;0.969142675;0.09026777;0;0
1263;256;0.145990893;0.973048747;0.08343207800000001;0;0
1273;257;0.149896994;0.976466596;0.076596387;0;0
1278;258;0.142573029;0.9696308970000001;0.105892211;0;0
1278;259;0.146479145;0.976466596;0.108821802;0;0
1285;260;0.147455677;0.975001812;0.091732569;0;0
1290;261;0.146479145;0.965236545;0.08880297800000001;0;0
1293;262;0.146967411;0.97060746;0.08880297800000001;0;0
1297;263;0.14843221;0.978419662;0.08977951100000001;0;0
1302;264;0.150873527;0.979884446;0.07952597;0;0
1308;265;0.138178661;0.985743582;0.09905652700000001;0;0
1312;266;0.136713877;0.983302295;0.088314719;0;0
1323;267;0.128413379;0.984278798;0.09905652700000001;0;0
1323;268;0.136225611;0.9818375110000001;0.101986103;0;0
1332;269;0.132319495;0.9867201450000001;0.088314719;0;0
1337;270;0.133296028;0.982814014;0.09905652700000001;0;0
1337;271;0.137202129;0.979884446;0.09222082800000001;0;0
1342;272;0.138666928;0.968166113;0.088314719;0;0
1346;273;0.141596511;0.979884446;0.075131595;0;0
1352;274;0.138178661;0.979884446;0.081967287;0;0
1357;275;0.141596511;0.9818375110000001;0.081967287;0;0
1361;276;0.144037828;0.985255361;0.087826453;0;0
1374;277;0.146967411;0.9769548770000001;0.081967287;0;0
1374;278;0.154291362;0.9847670790000001;0.09026777;0;0
1377;279;0.14843221;0.978907943;0.09563867700000001;0;0
1385;280;0.149896994;0.986231863;0.081967287;0;0
1392;281;0.143549562;0.98867321;0.068295904;0;0
1392;282;0.153803095;0.996485412;0.08733819399999999;0;0
1397;283;0.15722096;0.987696648;0.07708464600000001;0;0
1401;284;0.143549562;0.991602778;0.067319378;0;0
1406;285;0.142084762;0.9818375110000001;0.067807637;0;0
1416;286;0.135249078;0.992091;0.07220201900000001;0;0
1416;287;0.136713877;0.980860949;0.08733819399999999;0;0
1423;288;0.144037828;0.975490093;0.096615203;0;0
1430;289;0.152338311;0.975490093;0.08294381200000001;0;0
1435;290;0.143549562;0.973048747;0.091732569;0;0
1436;291;0.144037828;0.976466596;0.08343207800000001;0;0
1442;292;0.145502627;0.987696648;0.05999542;0;0
1450;293;0.144526094;0.982325733;0.061460208;0;0
1451;294;0.126460329;0.982814014;0.060483683;0;0
1455;295;0.112788945;0.976466596;0.079037711;0;0
1460;296;0.12255422;0.979884446;0.08636166200000001;0;0
1466;297;0.114741996;0.975978315;0.091244303;0;0
1470;298;0.126948595;0.9867201450000001;0.072690278;0;0
1488;299;0.133784294;0.9696308970000001;0.073666804;0;0
1488;300;0.134760812;0.975001812;0.07073722;0;0
1488;301;0.141596511;0.975978315;0.079037711;0;0
1492;302;0.133784294;0.984278798;0.06634285299999999;0;0
1496;303;0.133296028;0.980860949;0.063413262;0;0
1500;304;0.124995537;0.991114497;0.060971946;0;0
1505;305;0.116695046;0.985743582;0.036070492;0;0
1512;306;0.117183313;0.994532347;0.048277084;0;0
1514;307;0.11425373;0.992091;0.050718404;0;0
1520;308;0.123530746;0.983790576;0.061460208;0;0
1531;309;0.120112903;0.9969736340000001;0.061948474;0;0
1531;310;0.121089429;0.99550885;0.07415507;0;0
1536;311;0.123530746;0.998438478;0.052183192;0;0
1541;312;0.123042487;1.00625062;0.07952597;0;0
1545;313;0.124019012;1.007715464;0.060971946;0;0
1550;314;0.124019012;1.008692026;0.061460208;0;0
1554;315;0.12255422;1.00283277;0.057065833;0;0
1564;316;0.133296028;1.010156751;0.060483683;0;0
1564;317;0.131831244;1.015039444;0.101009578;0;0
1570;318;0.128901646;1.011133313;0.09905652700000001;0;0
1578;319;0.131831244;1.007715464;0.09075604399999999;0;0
1583;320;0.135737345;1.002344608;0.067807637;0;0
1586;321;0.142084762;0.995020628;0.059507158;0;0
1592;322;0.151361778;1.002344608;0.073178545;0;0
1599;323;0.161615327;0.983302295;0.063413262;0;0
1599;324;0.15917401;0.975978315;0.07122547899999999;0;0
1604;325;0.170404077;0.971095681;0.070248954;0;0
1613;326;0.163080111;0.9696308970000001;0.062436737;0;0
1613;327;0.169427559;0.977443099;0.073666804;0;0
1619;328;0.172357127;0.979396164;0.08050249499999999;0;0
1623;329;0.155756161;0.98867321;0.08733819399999999;0;0
1631;330;0.160150543;0.993067563;0.07464332899999999;0;0
1637;331;0.155756161;0.995997131;0.085873403;0;0
1642;332;0.150873527;1.012109876;0.075131595;0;0
1643;333;0.156244412;1.00625062;0.075131595;0;0
1649;334;0.154779628;1.002344608;0.06878417000000001;0;0
1654;335;0.156732693;0.998926699;0.07073722;0;0
1661;336;0.152826577;0.998438478;0.08343207800000001;0;0
1663;337;0.155756161;0.983790576;0.09319736100000001;0;0
1669;338;0.150385261;0.974513531;0.053159729;0;0
1674;339;0.147455677;0.972560465;0.04876535;0;0
1681;340;0.137690395;0.971095681;0.07415507;0;0
1686;341;0.139155194;0.964260042;0.060971946;0;0
1690;342;0.140619978;0.963283479;0.07610812;0;0
1696;343;0.140619978;0.957912564;0.08636166200000001;0;0
1698;344;0.129389912;0.963283479;0.08636166200000001;0;0
1704;345;0.136225611;0.9544947740000001;0.08733819399999999;0;0
1713;346;0.12060117;0.957424343;0.099544786;0;0
1713;347;0.120112903;0.972072244;0.104915686;0;0
1717;348;0.108394571;0.969142675;0.094662145;0;0
1723;349;0.101070613;0.9647482630000001;0.08392034499999999;0;0
1729;350;0.097164504;0.97060746;0.09905652700000001;0;0
1732;351;0.090328805;0.974513531;0.09319736100000001;0;0
1737;352;0.097652771;0.967677832;0.084896877;0;0
1742;353;0.091793604;0.979884446;0.09905652700000001;0;0
1748;354;0.104488455;0.9818375110000001;0.09026777;0;0
1752;355;0.100582346;0.9867201450000001;0.08929124500000001;0;0
1760;356;0.102535404;0.995997131;0.081967287;0;0
1764;357;0.11425373;1.00283277;0.091244303;0;0
1767;358;0.121089429;0.997461915;0.104915686;0;0
1779;359;0.13427256;0.992579281;0.08392034499999999;0;0
1780;360;0.135249078;0.989161432;0.07415507;0;0
1794;361;0.138178661;0.987696648;0.081479028;0;0
1795;362;0.141596511;0.979396164;0.084408611;0;0
1795;363;0.155267894;0.974025309;0.08050249499999999;0;0
1799;364;0.154779628;0.975978315;0.081967287;0;0
1804;365;0.144526094;0.955471277;0.087826453;0;0
1808;366;0.150873527;0.952053428;0.08392034499999999;0;0
1868;367;0.165033177;0.954006493;0.101009578;0;0
1868;368;0.179192826;0.947659075;0.079037711;0;0
1868;369;0.17333366;0.958400846;0.100521311;0;0
1868;370;0.178216293;0.957912564;0.08294381200000001;0;0
1868;371;0.17528671;0.976466596;0.084896877;0;0
1868;372;0.167962745;0.9818375110000001;0.07122547899999999;0;0
1868;373;0.161615327;0.983302295;0.08050249499999999;0;0
1868;374;0.176751509;0.975490093;0.06585458700000001;0;0
1868;375;0.165033177;0.973048747;0.07757291199999999;0;0
1868;376;0.161615327;0.977443099;0.08880297800000001;0;0
1868;377;0.158197477;0.9769548770000001;0.08733819399999999;0;0
1868;378;0.143061295;0.975490093;0.094662145;0;0
1881;379;0.140619978;0.972560465;0.109310068;0;0
1881;380;0.133296028;0.9818375110000001;0.105892211;0;0
1881;381;0.142084762;0.9818375110000001;0.09222082800000001;0;0
1890;382;0.125483796;0.979884446;0.102962628;0;0
1894;383;0.127436861;0.9847670790000001;0.100521311;0;0
1906;384;0.135249078;0.992091;0.088314719;0;0
1906;385;0.124995537;0.992579281;0.09905652700000001;0;0
1906;386;0.128413379;0.993067563;0.103450894;0;0
1911;387;0.137690395;1.00625062;0.09563867700000001;0;0
1915;388;0.146479145;0.997461915;0.091732569;0;0
1925;389;0.153314844;1.010156751;0.108333543;0;0
1925;390;0.159662277;1.005274177;0.108333543;0;0
1929;391;0.177239761;1.000879765;0.09075604399999999;0;0
1935;392;0.181145877;1.007715464;0.098568261;0;0
1943;393;0.183098942;1.007715464;0.098568261;0;0
1945;394;0.189934626;0.990137994;0.091244303;0;0
1954;395;0.185540259;0.98867321;0.091244303;0;0
1959;396;0.192375943;0.974025309;0.102962628;0;0
1964;397;0.181145877;0.984278798;0.094662145;0;0
1967;398;0.172845393;0.989161432;0.09222082800000001;0;0
1973;399;0.165521428;0.979396164;0.105403945;0;0
1976;400;0.159662277;0.9818375110000001;0.097103469;0;0
1979;401;0.154291362;0.984278798;0.11077486;0;0
1985;402;0.155267894;0.983302295;0.10442742;0;0
1990;403;0.158685744;0.989161432;0.11272791;0;0
1995;404;0.147455677;0.986231863;0.108333543;0;0
2002;405;0.14843221;0.991114497;0.11809881;0;0
2004;406;0.161127061;0.98134923;0.105403945;0;0
2010;407;0.152826577;0.9818375110000001;0.09905652700000001;0;0
2017;408;0.155267894;0.978419662;0.08294381200000001;0;0
2019;409;0.150873527;0.967677832;0.07122547899999999;0;0
2025;410;0.152826577;0.972560465;0.09026777;0;0
2029;411;0.164056644;0.970119178;0.07610812;0;0
2034;412;0.156732693;0.975978315;0.100033052;0;0
2039;413;0.163568377;0.972560465;0.091244303;0;0
2044;414;0.161615327;0.9769548770000001;0.094173886;0;0
2052;415;0.16259186;0.970119178;0.107845277;0;0
2054;416;0.167474493;0.975978315;0.106380485;0;0
2064;417;0.17870456;0.974025309;0.131281942;0;0
2064;418;0.172357127;0.965236545;0.116634019;0;0
2069;419;0.179681078;0.96718961;0.123469718;0;0
2074;420;0.176751509;0.957912564;0.111751385;0;0
2078;421;0.191887677;0.958400846;0.119563609;0;0
2084;422;0.198723376;0.954006493;0.115657493;0;0
2088;423;0.206535593;0.960842192;0.119075343;0;0
2093;424;0.213371307;0.971583962;0.122981451;0;0
2100;425;0.212394744;0.968166113;0.109310068;0;0
2103;426;0.221671775;0.972560465;0.131770208;0;0
2112;427;0.235343158;0.990626216;0.136652842;0;0
2117;428;0.23778449;0.997950196;0.123469718;0;0
2118;429;0.242178857;1.000879765;0.117122278;0;0
2125;430;0.263662487;1.011133313;0.119075343;0;0
2127;431;0.26805684;1.012598157;0.113704436;0;0
2133;432;0.270498157;1.000879765;0.130305409;0;0
2137;433;0.26463899;0.997950196;0.12151666;0;0
2143;434;0.244620174;0.988184929;0.134699792;0;0
2148;435;0.235343158;0.979396164;0.134699792;0;0
2158;436;0.214347824;0.96718961;0.171319574;0;0
2158;437;0.191887677;0.943264723;0.160577774;0;0
2163;438;0.17528671;0.952541709;0.158136457;0;0
2168;439;0.161615327;0.95302999;0.16985479;0;0
2174;440;0.152826577;0.9647482630000001;0.174249157;0;0
2181;441;0.151850045;0.968654394;0.188408807;0;0
2187;442;0.12060117;0.952541709;0.176690474;0;0
2187;443;0.127925113;0.963283479;0.16985479;0;0
2194;444;0.128413379;0.974025309;0.163995609;0;0
2202;445;0.135249078;0.971583962;0.167413458;0;0
2203;446;0.149896994;0.961330414;0.147394642;0;0
2207;447;0.148920462;0.9867201450000001;0.140070677;0;0
2212;448;0.139155194;0.979884446;0.138605893;0;0
2217;449;0.154291362;0.980860949;0.130793661;0;0
2224;450;0.15722096;0.978907943;0.120051876;0;0
2227;451;0.152826577;0.972560465;0.10442742;0;0
2232;452;0.138666928;0.977443099;0.104915686;0;0
2236;453;0.129389912;0.990626216;0.119075343;0;0
2248;454;0.119136378;1.001856327;0.127864093;0;0
2248;455;0.105953246;0.995997131;0.112239644;0;0
2252;456;0.104488455;1.018945575;0.094173886;0;0
2259;457;0.102047138;1.016992569;0.094173886;0;0
2264;458;0.099117555;1.018457294;0.111751385;0;0
2268;459;0.090817071;1.025781274;0.117610544;0;0
2274;460;0.096187972;1.005274177;0.110286593;0;0
2279;461;0.096676238;1.003321052;0.106868751;0;0
2283;462;0.10644152;0.99550885;0.118587069;0;0
2285;463;0.120112903;0.972072244;0.131770208;0;0
2297;464;0.125972062;0.965236545;0.130305409;0;0
2297;465;0.129389912;0.954982996;0.138605893;0;0
2300;466;0.141596511;0.943264723;0.172784358;0;0
2306;467;0.135737345;0.943752944;0.188408807;0;0
2313;468;0.132319495;0.941311657;0.225516871;0;0
2322;469;0.13427256;0.941311657;0.253347903;0;0
2322;470;0.150873527;0.941799879;0.276296288;0;0
2325;471;0.17528671;0.917386711;0.226493388;0;0
2330;472;0.150385261;0.950100362;0.315357387;0;0
2335;473;0.188469842;0.959377408;0.288502872;0;0
2344;474;0.204094276;0.947170794;0.250906587;0;0
2345;475;0.200676426;0.944729507;0.226981655;0;0
2350;476;0.181634143;0.92080456;0.210380673;0;0
2357;477;0.158197477;0.911039233;0.188897058;0;0
2368;478;0.162103593;0.905668318;0.168878257;0;0
2368;479;0.145502627;0.8900439140000001;0.135188043;0;0
2374;480;0.147455677;0.89541477;0.101986103;0;0
2378;481;0.126948595;0.905668318;0.062436737;0;0
2380;482;0.118159838;0.904691815;0.026305212;0;0
2384;483;0.10546498;0.912015736;-0.016662003;0;0
2394;484;0.09862929600000001;0.90273875;-0.021056376;0;0
2394;485;0.100094087;0.897856116;-0.03179818;0;0
2399;486;0.09814102900000001;0.883696496;-0.031309918;0;0
2405;487;0.094234921;0.887114286;-6.1e-05;0;0
2412;488;0.088375755;0.889067352;0.004821605;0;0
2416;489;0.08056352999999999;0.916898489;0.030211326;0;0
2420;490;0.078122206;0.930081606;0.08733819399999999;0;0
2426;491;0.070309989;0.952541709;0.133234993;0;0
2429;492;0.070798256;0.9696308970000001;0.184990957;0;0
2434;493;0.068845198;0.989161432;0.220634207;0;0
2444;494;0.076657422;0.987696648;0.237723455;0;0
2444;495;0.076169156;0.986231863;0.252371371;0;0
2449;496;0.065427348;0.998926699;0.239676505;0;0
2454;497;0.059079919;0.988184929;0.192314908;0;0
2463;498;0.055173814;1.000879765;0.152277276;0;0
2464;499;0.046385065;0.990137994;0.127375826;0;0
2469;500;0.049314648;1.002344608;0.116634019;0;0
2474;501;0.062497769;0.979396164;0.105892211;0;0
2478;502;0.079098739;0.976466596;0.117122278;0;0
2483;503;0.114741996;0.966213048;0.131281942;0;0
2490;504;0.144526094;0.975490093;0.16985479;0;0
2501;505;0.181145877;0.997461915;0.172784358;0;0
2501;506;0.194817275;1.039940953;0.177666992;0;0
2507;507;0.217277408;1.094626427;0.163019091;0;0
2510;508;0.250479341;1.144429445;0.15178901;0;0
2513;509;0.252432406;1.17811954;0.149835959;0;0
2519;510;0.256338507;1.195697069;0.127864093;0;0
2523;511;0.266103804;1.198138356;0.136652842;0;0
2528;512;0.260244608;1.192767501;0.142511994;0;0
2539;513;0.267568588;1.161518574;0.158624709;0;0
2539;514;0.270498157;1.113180518;0.184014425;0;0
2544;515;0.285146058;1.074119329;0.196221024;0;0
2550;516;0.274404258;1.024804711;0.167901725;0;0
2556;517;0.260244608;0.9969736340000001;0.159601241;0;0
2560;518;0.242667124;0.977443099;0.154718593;0;0
2562;519;0.224601358;0.9393585920000001;0.127375826;0;0
2568;520;0.21092996;0.936917245;0.08977951100000001;0;0
2572;521;0.209953427;0.9222693440000001;0.078061178;0;0
2577;522;0.196770325;0.9193397760000001;0.096615203;0;0
2589;523;0.200188175;0.898344398;0.131281942;0;0
2589;524;0.201652959;0.9051800370000001;0.184990957;0;0
2593;525;0.213371307;0.901762187;0.21819289;0;0
2602;526;0.230460525;0.901273966;0.269460589;0;0
2602;527;0.236319676;0.898344398;0.265554488;0;0
2608;528;0.246084973;0.898344398;0.25920707;0;0
2613;529;0.237296209;0.894438267;0.246023923;0;0
2617;530;0.230948776;0.897856116;0.226005122;0;0
2622;531;0.221183509;0.898344398;0.226493388;0;0
2627;532;0.214347824;0.903227031;0.192803174;0;0
2636;533;0.210441694;0.906644821;0.213310257;0;0
2637;534;0.208488643;0.908109605;0.204521522;0;0
2642;535;0.225577891;0.923734188;0.184014425;0;0
2652;536;0.221183509;0.944241226;0.18596749;0;0
2652;537;0.234366626;0.961330414;0.170831308;0;0
2659;538;0.245108441;0.974025309;0.197685823;0;0
2662;539;0.25389719;0.997950196;0.189873591;0;0
2666;540;0.262197673;1.019433856;0.208427623;0;0
2671;541;0.244620174;1.026269555;0.206962839;0;0
2676;542;0.222648308;1.017969131;0.206962839;0;0
2681;543;0.206047326;0.986231863;0.179131791;0;0
2697;544;0.166986227;0.952541709;0.157159925;0;0
2697;545;0.138666928;0.920316339;0.14104721;0;0
2697;546;0.107418045;0.9002974030000001;0.120051876;0;0
2707;547;0.079587005;0.909086168;0.097591735;0;0
2707;548;0.064450823;0.911039233;0.129817143;0;0
2711;549;0.059568189;0.920316339;0.131770208;0;0
2716;550;0.048826385;0.938382089;0.159601241;0;0
2721;551;0.040525898;0.959377408;0.164972141;0;0
2727;552;0.032713674;0.972560465;0.159112975;0;0
2734;553;0.005370902;1.018945575;0.14104721;0;0
2736;554;-0.003906111;1.043847084;0.138605893;0;0
2746;555;-0.006347429;1.047264934;0.130305409;0;0
2746;556;-0.003906111;1.028710842;0.117610544;0;0
2756;557;-0.013183123;1.002344608;0.10735701;0;0
2756;558;-0.02050708;0.954006493;0.08977951100000001;0;0
2762;559;-0.026366245;0.912015736;0.07952597;0;0
2766;560;-0.018065762;0.868072033;0.073666804;0;0
2770;561;-0.001464791;0.83487016;0.067319378;0;0
2775;562;0.029784095;0.775790155;0.045835767;0;0
2779;563;0.053709023;0.755283117;0.050230142;0;0
2791;564;0.061032981;0.758700967;0.047788821;0;0
2793;565;0.075680889;0.8075273630000001;0.116145752;0;0
2819;566;0.054685548;0.850494564;0.140558943;0;0
2819;567;0.036619786;0.9222693440000001;0.20012714;0;0
2819;568;0.022948401;1.006738901;0.233817339;0;0
2819;569;0.043455482;1.069725037;0.271901906;0;0
2819;570;0.070309989;1.110739112;0.303639084;0;0
2819;571;0.09472318;1.141499758;0.319263488;0;0
2827;572;0.146479145;1.148335457;0.320728302;0;0
2832;573;0.19139941;1.126363635;0.277761102;0;0
2835;574;0.226066142;1.110250831;0.244559139;0;0
2840;575;0.272451222;1.126363635;0.208427623;0;0
2850;576;0.325183719;1.128316641;0.119563609;0;0
2850;577;0.367174417;1.136128902;0.062436737;0;0
2855;578;0.366686136;1.13173449;0.011657299;0;0
2859;579;0.350573421;1.118063211;-0.000549;0;0
2863;580;0.319812804;1.086326003;0.000915;0;0
2868;581;0.301747054;1.035546541;0.07220201900000001;0;0
2890;582;0.264150739;0.987696648;0.133234993;0;0
2890;583;0.245108441;0.961818695;0.209892407;0;0
2890;584;0.173821926;0.9393585920000001;0.238699973;0;0
2890;585;0.091793604;0.9193397760000001;0.249441773;0;0
2895;586;0.031248884;0.88857913;0.252859652;0;0
2899;587;-0.029784095;0.873442948;0.277761102;0;0
2908;588;-0.055662077;0.856841981;0.293385506;0;0
2911;589;-0.091793604;0.853424132;0.313404351;0;0
2914;590;-0.108882837;0.865142465;0.363207251;0;0
2919;591;-0.077633947;0.861724615;0.372484267;0;0
2923;592;-0.042967219;0.8597715500000001;0.374925584;0;0
2929;593;0.023924926;0.871489882;0.321216553;0;0
2933;594;0.085934438;0.886626065;0.250906587;0;0
2939;595;0.142084762;0.891020417;0.20012714;0;0
2948;596;0.196282059;0.917386711;0.173272625;0;0
2948;597;0.221183509;0.930081606;0.160089508;0;0
2961;598;0.224601358;0.947659075;0.172784358;0;0
2961;599;0.226554409;0.973048747;0.180596575;0;0
2963;600;0.220695257;1.006738901;0.170343041;0;0
2968;601;0.225089625;1.005274177;0.140558943;0;0
2974;602;0.215324357;1.019922137;0.120051876;0;0
2981;603;0.185051993;1.030663967;0.114680961;0;0
2988;604;0.156732693;1.049217939;0.08733819399999999;0;0
2988;605;0.147455677;1.058006644;0.08929124500000001;0;0
2993;606;0.138178661;1.044823527;0.101497844;0;0
3006;607;0.116695046;1.037987828;0.140070677;0;0
3006;608;0.07861048;1.008692026;0.20549804;0;0
3010;609;0.055662077;0.989649713;0.254812688;0;0
3014;610;0.029784095;0.963283479;0.307056904;0;0
3017;611;0.009765276;0.932522893;0.38078475;0;0
3034;612;-0.004882638;0.912015736;0.410080582;0;0
3034;613;-0.012206596;0.925198972;0.436446816;0;0
3034;614;-0.021483609;0.931058109;0.453047812;0;0
3037;615;0.003417847;0.932034612;0.455489129;0;0
3043;616;0.020995343;0.9344759580000001;0.441329479;0;0
3054;617;0.057126865;0.951565146;0.410080582;0;0
3054;618;0.09521144600000001;0.96377176;0.348071069;0;0
3057;619;0.121089429;0.982814014;0.315357387;0;0
3066;620;0.158685744;0.993555844;0.250906587;0;0
3067;621;0.186028525;0.991602778;0.205009773;0;0
3081;622;0.209465176;0.983790576;0.176202208;0;0
3081;623;0.190422893;0.971583962;0.147882909;0;0
3082;624;0.165521428;0.946194291;0.136164576;0;0
3086;625;0.14843221;0.921292841;0.106380485;0;0
3096;626;0.139643446;0.897856116;0.088314719;0;0
3107;627;0.137690395;0.887602568;0.058042359;0;0
3107;628;0.144037828;0.884672999;0.072690278;0;0
3107;629;0.166497961;0.868560314;0.138605893;0;0
3112;630;0.197258592;0.880766869;0.190361857;0;0
3116;631;0.232901841;0.848541498;0.278737605;0;0
3124;632;0.314441919;0.820222259;0.364672035;0;0
3128;633;0.322742403;0.8002033830000001;0.402756631;0;0
3148;634;0.328113288;0.794832468;0.450606495;0;0
3148;635;0.30760619;0.8002033830000001;0.446212113;0;0
3148;636;0.294911355;0.795809031;0.440841228;0;0
3148;637;0.269521624;0.8124099970000001;0.430099368;0;0
3154;638;0.263174206;0.829010963;0.376878649;0;0
3157;639;0.248038024;0.82071048;0.353930235;0;0
3160;640;0.236807942;0.840241015;0.311939538;0;0
3165;641;0.233390093;0.850982845;0.271901906;0;0
3177;642;0.223136574;0.843658864;0.257254004;0;0
3177;643;0.21630089;0.857330263;0.252859652;0;0
3181;644;0.206535593;0.873931229;0.251394838;0;0
3185;645;0.204094276;0.892485201;0.267019272;0;0
3197;646;0.211906493;0.914457142;0.31291607;0;0
3197;647;0.215324357;0.932522893;0.31291607;0;0
3215;648;0.210441694;0.943752944;0.31633392;0;0
3215;649;0.183587208;0.959377408;0.278249353;0;0
3215;650;0.163080111;0.962795198;0.230887756;0;0
3215;651;0.128901646;0.970119178;0.21282199;0;0
3221;652;0.104000188;0.965236545;0.164972141;0;0
3242;653;0.088375755;0.947659075;0.160577774;0;0
3242;654;0.096187972;0.927640259;0.17180784;0;0
3242;655;0.091793604;0.905668318;0.215263307;0;0
3242;656;0.090817071;0.908109605;0.239188239;0;0
3248;657;0.126460329;0.888090849;0.254324436;0;0
3259;658;0.174798444;0.886626065;0.267507523;0;0
3259;659;0.206535593;0.876372516;0.244070873;0;0
3259;660;0.23973754;0.849029779;0.205009773;0;0
3265;661;0.255850226;0.84219408;0.193779707;0;0
3277;662;0.255361974;0.80264473;0.192314908;0;0
3277;663;0.242667124;0.812898219;0.199638873;0;0
3282;664;0.236807942;0.806550801;0.225516871;0;0
3284;665;0.235343158;0.8172926310000001;0.263113171;0;0
3291;666;0.228507459;0.8548889160000001;0.317310452;0;0
3297;667;0.220695257;0.880278647;0.32365787;0;0
3303;668;0.198723376;0.895903051;0.355395049;0;0
3303;669;0.179681078;0.907133102;0.37004295;0;0
3309;670;0.185540259;0.908109605;0.415451467;0;0
3323;671;0.158197477;0.909086168;0.426681548;0;0
3323;672;0.127436861;0.900785685;0.401780099;0;0
3328;673;0.08886401400000001;0.875884235;0.381273031;0;0
3332;674;0.059568189;0.866118968;0.317310452;0;0
3338;675;0.062497769;0.848541498;0.298268139;0;0
3341;676;0.06591562199999999;0.836334944;0.254324436;0;0
3343;677;0.09862929600000001;0.8294992450000001;0.193779707;0;0
3348;678;0.12255422;0.840729296;0.16985479;0;0
3353;679;0.146967411;0.842682362;0.17180784;0;0
3359;680;0.164056644;0.8778373;0.194267973;0;0
3367;681;0.181145877;0.901273966;0.233329073;0;0
3369;682;0.187493309;0.947170794;0.264577955;0;0
3374;683;0.19139941;0.978907943;0.29485032;0;0
3381;684;0.182122409;1.004785895;0.339770585;0;0
3388;685;0.138666928;1.003321052;0.369066417;0;0
3388;686;0.085446171;1.015039444;0.396897435;0;0
3399;687;0.015624442;1.002344608;0.440352947;0;0
3399;688;-0.027831038;0.991602778;0.450606495;0;0
3402;689;-0.073239572;0.972072244;0.461836547;0;0
3408;690;-0.100094087;0.949612141;0.447188646;0;0
3415;691;-0.100094087;0.915433705;0.424728483;0;0
3418;692;-0.082516588;0.851959348;0.425705016;0;0
3423;693;-0.054197285;0.780672789;0.361254185;0;0
3430;694;-0.034666732;0.736729026;0.26262489;0;0
3435;695;-0.025877982;0.7005975840000001;0.147394642;0;0
3440;696;-0.012206596;0.675207794;0.024840422;0;0
3442;697;0.000488;0.64542377;-0.040098667;0;0
3447;698;-0.009277013000000001;0.655189037;0.000915;0;0
3452;699;-0.022460135;0.6683721540000001;0.005309869;0;0
3458;700;-0.043943744;0.696691453;0.112239644;0;0
3466;701;-0.061521243;0.722081125;0.190361857;0;0
3468;702;-0.063474298;0.755283117;0.272878438;0;0
3472;703;-0.037596315;0.814363003;0.322193086;0;0
3479;704;-0.020018818;0.858795047;0.367601633;0;0
3488;705;-0.009765276;0.889555633;0.351488918;0;0
3488;706;-0.001953055;0.93154639;0.319263488;0;0
3493;707;0.002929583;0.941311657;0.26994884;0;0
3497;708;0.004882638;0.938870311;0.191826642;0;0
3502;709;-0.017577497;0.921781123;0.114680961;0;0
3507;710;-0.046385065;0.911039233;0.003356814;0;0
3519;711;-0.082516588;0.840729296;-0.116267823;0;0
3519;712;-0.136713877;0.76700145;-0.157770246;0;0
3522;713;-0.187005043;0.6732547880000001;-0.238822043;0;0
3528;714;-0.251455873;0.595132589;-0.292531073;0;0
3539;715;-0.324207187;0.489179343;-0.353075773;0;0
3539;716;-0.439437449;0.410080582;-0.31645599;0;0
3547;717;-0.583475292;0.382737815;-0.231009826;0;0
3547;718;-0.749973238;0.416916281;-0.09820206500000001;0;0
3551;719;-0.903776348;0.454512596;0.08880297800000001;0;0
3556;720;-1.043908;0.520916462;0.179131791;0;0
3562;721;-1.078086495;0.574625492;0.141535476;0;0
3566;722;-1.070274353;0.616127908;0.09563867700000001;0;0
3573;723;-0.969203711;0.557536244;0.050718404;0;0
3579;724;-0.89401108;0.463789612;0.296315104;0;0
3584;725;-0.714329958;0.249930039;-0.102596432;0;0
3586;726;-0.673804045;0.109310068;-0.07134755;0;0
3591;727;-0.615212381;0.01556341;-0.07671844999999999;0;0
3596;728;-0.495099515;-0.047910888;-0.014708947;0;0
3600;729;-0.319812804;-0.0625588;0.058042359;0;0
3606;730;-0.087887488;-0.099666856;0.059018888;0;0
3613;731;0.152826577;-0.125544831;-0.081601091;0;0
3615;732;0.393540651;-0.130915731;-0.236380726;0;0
3620;733;0.648414373;-0.118220873;-0.345751822;0;0
3630;734;0.8178418870000001;-0.129939198;-0.408249557;0;0
3630;735;0.977015913;-0.190483928;-0.422897518;0;0
3636;736;1.075645208;-0.265676558;-0.31645599;0;0
3642;737;1.115194559;-0.291066259;-0.104061224;0;0
3645;738;1.116171122;-0.422897518;0.162042558;0;0
3650;739;0.91891247;-0.484907001;0.357836366;0;0
3662;740;0.546367228;-0.292042792;0.470625281;0;0
3662;741;0.336902022;-0.147028446;0.417892784;0;0
3665;742;0.17528671;-0.034239501;0.299732953;0;0
3669;743;0.074216105;0.059507158;0.250418335;0;0
3679;744;-0.021971872;0.201591924;0.222098991;0;0
3679;745;-0.023924926;0.312427819;0.297291636;0;0
3686;746;0.051755965;0.443282545;0.563883662;0;0
3691;747;0.146479145;0.511151195;0.704015434;0;0
3695;748;0.186516777;0.484784931;0.703527153;0;0
3700;749;0.219718724;0.418869317;0.292897254;0;0
3713;750;0.137202129;0.349535853;-0.160211563;0;0
3713;751;0.041990686;0.211845472;-0.469282597;0;0
3715;752;-0.093746655;0.118587069;-0.439498484;0;0
3719;753;-0.220695257;0.072690278;-0.390183836;0;0
3730;754;-0.358385652;0.018004728;-0.328174323;0;0
3730;755;-0.506817818;-0.003967144;-0.268606126;0;0
3736;756;-0.522442281;0.041929655;-0.127986148;0;0
3742;757;-0.610329747;0.053159729;-0.00347888;0;0
3744;758;-0.556620777;0.084896877;0.152277276;0;0
3750;759;-0.5336723920000001;0.24846524;0.031676114;0;0
3758;760;-0.552714646;0.440352947;-0.198296145;0;0
3759;761;-0.615700662;0.609292209;-0.281300992;0;0
3764;762;-0.679175019;0.733311236;-0.096737266;0;0
3769;763;-0.657203078;0.83145231;0.307056904;0;0
3777;764;-0.677221954;0.98867321;0.5985504390000001;0;0
3784;765;-0.724095225;1.155171156;0.728916824;0;0
3784;766;-0.7978230710000001;1.285049319;0.766024888;0;0
3791;767;-0.896940649;1.323622227;0.802156448;0;0
3795;768;-0.947720051;1.216692448;0.725987256;0;0
3798;769;-1.010217786;1.069725037;0.568278074;0;0
3809;770;-1.107870579;0.907133102;0.303639084;0;0
3809;771;-1.122518539;0.78848505;0.205986306;0;0
3814;772;-1.131307244;0.675207794;0.325610936;0;0
3824;773;-1.075645208;0.512615979;0.562418878;0;0
3824;774;-1.079551339;0.478925765;0.737217307;0;0
3829;775;-1.058555961;0.599526942;0.879302084;0;0
3834;776;-1.037072301;0.728916824;1.135640621;0;0
3838;777;-1.012170911;0.8275461790000001;1.443246841;0;0
3843;778;-1.114217997;0.80264473;1.655153275;0;0
3855;779;-1.185016274;0.755283117;1.598514676;0;0
3855;780;-1.156697035;0.600015223;1.336805344;0;0
3867;781;-1.185504556;0.5443531270000001;1.233293414;0;0
3867;782;-1.285598636;0.527752161;1.29627943;0;0
3868;783;-1.396434546;0.59903872;1.410044789;0;0
3873;784;-1.5946697;0.731846392;1.522833824;0;0
3878;785;-1.840754628;0.869536817;1.715698123;0;0
3883;786;-1.999928594;1.076560736;1.999867558;0;0
3887;787;-1.999928594;1.275772333;1.999867558;0;0
3893;788;-1.999928594;1.216692448;1.999867558;0;0
3904;789;-1.999928594;1.083884597;1.999867558;0;0
3904;790;-1.999928594;1.119039655;1.999867558;0;0
3908;791;-1.999928594;1.265030503;1.999867558;0;0
3918;792;-1.999928594;1.332410932;1.999867558;0;0
3918;793;-1.999928594;1.284072757;1.999867558;0;0
3925;794;-1.999928594;1.075095892;1.999867558;0;0
3929;795;-1.999928594;0.797762096;1.999867558;0;0
3932;796;-1.999928594;0.527752161;1.999867558;0;0
3936;797;-1.999928594;0.27727282;1.999867558;0;0
3942;798;-1.999928594;0.061460208;1.999867558;0;0
3957;799;-1.999928594;-0.098690324;1.939322948;0;0
3957;800;-1.999928594;-0.159235045;1.671266079;0;0
3957;801;-1.960379243;-0.200737461;1.681031346;0;0
3971;802;-1.951102257;-0.199760944;1.583866835;0;0
3971;803;-1.957449555;-0.155328929;1.578007579;0;0
3971;804;-1.923271179;-0.140192747;1.287978888;0;0
3976;805;-1.872491837;-0.123103522;1.182025671;0;0
3982;806;-1.81292367;-0.002990616;1.201556206;0;0
3986;807;-1.847102046;0.123469718;1.370495558;0;0
3991;808;-1.761167526;0.122004926;1.189837933;0;0
3996;809;-1.614200234;0.125422776;0.879302084;0;0
4007;810;-1.527777433;0.21086894;0.617104411;0;0
4007;811;-1.43696034;0.219657674;0.413498431;0;0
4012;812;-1.327589273;0.070248954;0.058042359;0;0
4015;813;-1.287063479;-0.115779556;-0.335498273;0;0
4030;814;-1.197222948;-0.361376256;-0.6577523950000001;0;0
4030;815;-1.11568284;-0.626991808;-0.718785405;0;0
4039;816;-1.03316617;-0.910673082;-0.633339226;0;0
4039;817;-1.023400903;-1.100607753;-0.546428263;0;0
4043;818;-1.026818752;-1.200213552;-0.469770849;0;0
4056;819;-1.00826478;-1.27442956;-0.468794316;0;0
4056;820;-0.962368011;-1.327162147;-0.470747381;0;0
4069;821;-0.94039607;-1.308608055;-0.458540738;0;0
4069;822;-0.895964146;-1.23878634;-0.378465503;0;0
4069;823;-0.857391298;-1.050804734;-0.401413918;0;0
4073;824;-0.717747808;-0.897978246;-0.43803367;0;0
4080;825;-0.586893141;-0.803743243;-0.397019506;0;0
4080;826;-0.422836453;-0.782259703;-0.333545238;0;0
4085;827;-0.210441694;-0.804231524;-0.25200519;0;0
4089;828;-0.14843221;-0.70609051;-0.197319627;0;0
4100;829;-0.146479145;-0.556681752;-0.169976845;0;0
4100;830;-0.090817071;-0.46684128;-0.222221062;0;0
4106;831;-0.102535404;-0.331103921;-0.210014477;0;0
4114;832;-0.081540056;-0.254446507;-0.16265288;0;0
4119;833;-0.106929787;-0.200737461;-0.13579838;0;0
4119;834;-0.172845393;-0.135310113;-0.150934547;0;0
4125;835;-0.270986438;-0.112361714;-0.128962681;0;0
4130;836;-0.3647331;-0.117244348;-0.097713798;0;0
4135;837;-0.475080729;-0.11529129;-0.016662003;0;0
4140;838;-0.580545723;-0.108455606;0.038511809;0;0
4147;839;-0.672827542;-0.073788874;0.08294381200000001;0;0
4150;840;-0.723606944;-0.06744144100000001;0.076596387;0;0
4157;841;-0.766574204;-0.059629221;0.00921598;0;0
4166;842;-0.758273721;-0.028868597;-0.066464916;0;0
4167;843;-0.758762002;0.006774661;-0.108455606;0;0
4174;844;-0.724583507;0.020934312;-0.233451143;0;0
4179;845;-0.684057653;0.026305212;-0.321338624;0;0
4179;846;-0.65085566;0.025328686;-0.349169642;0;0
4184;847;-0.617165446;0.013122089;-0.407761335;0;0
4190;848;-0.603494108;-0.012755892;-0.432662785;0;0
4204;849;-0.586893141;-0.041563459;-0.468794316;0;0
4204;850;-0.528789759;-0.09234289800000001;-0.446334153;0;0
4204;851;-0.482892931;-0.153375864;-0.416061819;0;0
4210;852;-0.434554815;-0.219291478;-0.38432467;0;0
4221;853;-0.358385652;-0.294484109;-0.329639107;0;0
4221;854;-0.28612259;-0.380418569;-0.274953544;0;0
4223;855;-0.24120234;-0.440474987;-0.219291478;0;0
4228;856;-0.182122409;-0.471235633;-0.199760944;0;0
4233;857;-0.143061295;-0.494184017;-0.189507395;0;0
4238;858;-0.144037828;-0.498090118;-0.17681253;0;0
4246;859;-0.166497961;-0.474653482;-0.170465112;0;0
4248;860;-0.184563726;-0.455122888;-0.182183444;0;0
4253;861;-0.217765674;-0.464399964;-0.187554345;0;0
4262;862;-0.272939473;-0.483442217;-0.233451143;0;0
4262;863;-0.342761219;-0.502972782;-0.27007091;0;0
4269;864;-0.401352853;-0.5430104140000001;-0.361376256;0;0
4273;865;-0.495099515;-0.5308038000000001;-0.387254238;0;0
4278;866;-0.591775775;-0.494672269;-0.420944452;0;0
4284;867;-0.695287704;-0.4917427;-0.401413918;0;0
4288;868;-0.785128236;-0.489789635;-0.412155688;0;0
4294;869;-0.866668344;-0.475630015;-0.418014884;0;0
4297;870;-0.934048653;-0.483442217;-0.363817573;0;0
4302;871;-1.025842309;-0.4702591;-0.339404374;0;0
4312;872;-1.068809509;-0.487836599;-0.329639107;0;0
4312;873;-1.104452729;-0.514202833;-0.261282176;0;0
4318;874;-1.134236813;-0.519085467;-0.226127192;0;0
4324;875;-1.183063269;-0.523968101;-0.172418162;0;0
4327;876;-1.191851974;-0.494184017;-0.150446296;0;0
4332;877;-1.243119597;-0.439986736;-0.139704481;0;0
4342;878;-1.273392081;-0.421920985;-0.123103522;0;0
4342;879;-1.292922616;-0.375535935;-0.086971991;0;0
4346;880;-1.328565836;-0.344287008;-0.065488383;0;0
4351;881;-1.350049496;-0.303272873;-0.04058693;0;0
4357;882;-1.34419024;-0.281789273;-0.019591587;0;0
4365;883;-1.347119808;-0.251028657;0.03216438;0;0
4377;884;-1.361767888;-0.220756277;0.117122278;0;0
4377;885;-1.366162181;-0.188530862;0.162042558;0;0
4377;886;-1.390087128;-0.182671711;0.208427623;0;0
4382;887;-1.418894649;-0.188530862;0.249441773;0;0
4394;888;-1.456979275;-0.202690512;0.303639084;0;0
4394;889;-1.479439378;-0.245657727;0.333911419;0;0
4397;890;-1.503852606;-0.279347956;0.372972518;0;0
4401;891;-1.534124851;-0.314502925;0.375902116;0;0
4411;892;-1.551214218;-0.340869188;0.390550017;0;0
4411;893;-1.514106154;-0.379442036;0.346606284;0;0
4416;894;-1.487251639;-0.397507787;0.294362038;0;0
4424;895;-1.457955837;-0.408249557;0.238211706;0;0
4427;896;-1.431101203;-0.404831737;0.180596575;0;0
4431;897;-1.394969702;-0.399460822;0.14300026;0;0
4443;898;-1.374462724;-0.382371604;0.124934509;0;0
4443;899;-1.375439167;-0.37016499;0.10735701;0;0
4445;900;-1.366650462;-0.354052305;0.08733819399999999;0;0
4451;901;-1.370556593;-0.353075773;0.095150411;0;0
4463;902;-1.363720894;-0.375047654;0.07757291199999999;0;0
4463;903;-1.374951005;-0.35942322;0.081479028;0;0
4468;904;-1.375927448;-0.338427871;0.085873403;0;0
4473;905;-1.371044874;-0.342333972;0.079037711;0;0
4476;906;-1.371533155;-0.327686071;0.054624517;0;0
4481;907;-1.339307666;-0.330127388;0.047300559;0;0
4488;908;-1.272415519;-0.31645599;0.050230142;0;0
4491;909;-1.202593803;-0.311085105;0.08343207800000001;0;0
4499;910;-1.106894135;-0.308155507;0.139094159;0;0
4503;911;-0.980433762;-0.312061608;0.155695125;0;0
4507;912;-0.88326925;-0.292531073;0.175225675;0;0
4510;913;-0.851532161;-0.222709328;0.141535476;0;0
4516;914;-0.830536723;-0.195366561;0.05169493;0;0
4520;915;-0.829071939;-0.14849323;0.00286855;0;0
4530;916;-0.800752699;-0.108943872;0.028746532;0;0
4530;917;-0.759738505;-0.096249007;0.087826453;0;0
4535;918;-0.728001356;-0.09917859;0.126399294;0;0
4542;919;-0.7030999060000001;-0.082089357;0.197197556;0;0
4545;920;-0.699193776;-0.06744144100000001;0.207939357;0;0
4549;921;-0.734837055;-0.017638531;0.24309434;0;0
4556;922;-0.761203289;0.041441392;0.273854971;0;0
4563;923;-0.780733883;0.08392034499999999;0.299732953;0;0
4565;924;-0.814424038;0.160577774;0.317798704;0;0
4572;925;-0.842743337;0.249930039;0.335864484;0;0
4574;926;-0.889128447;0.347582787;0.358324617;0;0
4579;927;-0.914029837;0.418381065;0.416428;0;0
4587;928;-0.905729413;0.45939523;0.480390549;0;0
4595;929;-0.87594533;0.469648749;0.487714559;0;0
4595;930;-0.82956022;0.443282545;0.452071279;0;0
4605;931;-0.8149123190000001;0.40959233;0.47013703;0;0
4605;932;-0.820283234;0.336352736;0.458418697;0;0
4610;933;-0.842743337;0.242606089;0.444259077;0;0
4614;934;-0.949184835;0.187432274;0.40226838;0;0
4618;935;-0.970180273;0.152277276;0.369554669;0;0
4624;936;-1.026818752;0.28410852;0.3666251;0;0
4629;937;-0.98678118;0.443282545;0.271413654;0;0
4635;938;-0.931119084;0.581949413;0.279714137;0;0
4639;939;-0.794893503;0.631752312;0.329517066;0;0
4646;940;-0.662085712;0.64200592;0.430587649;0;0
4648;941;-0.599099696;0.718663335;0.539470494;0;0
4656;942;-0.604958892;0.836823165;0.618569255;0;0
4663;943;-0.64011389;0.975490093;0.736729026;0;0
4663;944;-0.666480124;1.079002023;0.775790155;0;0
4668;945;-0.635719538;1.158589005;0.7923911809999999;0;0
4674;946;-0.544902444;1.157612443;0.772860587;0;0
4679;947;-0.458967984;1.096579432;0.751376987;0;0
4690;948;-0.422836453;1.019922137;0.744541287;0;0
4690;949;-0.411606401;0.920316339;0.712315857;0;0
4700;950;-0.442367017;0.798738599;0.685461342;0;0
4700;951;-0.481916398;0.657630324;0.633217156;0;0
4703;952;-0.586893141;0.520916462;0.559977591;0;0
4708;953;-0.710912108;0.362718999;0.497479826;0;0
4713;954;-0.859832644;0.203544974;0.396897435;0;0
4717;955;-1.006311774;0.039000072;0.283620238;0;0
4723;956;-1.125448108;-0.09234289800000001;0.21282199;0;0
4733;957;-1.188434124;-0.143610597;0.189873591;0;0
4733;958;-1.179157138;-0.154352397;0.217216358;0;0
4738;959;-1.1366781;-0.094295949;0.247976974;0;0
4744;960;-1.078574777;-0.005431935;0.283620238;0;0
4749;961;-1.030236602;0.096126936;0.324146122;0;0
4753;962;-0.970668495;0.187920541;0.399338752;0;0
4761;963;-0.94039607;0.265066206;0.460860014;0;0
4763;964;-0.907682419;0.37004295;0.487714559;0;0
4768;965;-0.882781029;0.43791163;0.5585128069999999;0;0
4773;966;-0.856903076;0.517986894;0.57364893;0;0
4781;967;-0.841766775;0.565348446;0.582925975;0;0
4782;968;-0.836884141;0.597573876;0.575601995;0;0
4792;969;-0.827118874;0.612710059;0.51310426;0;0
4798;970;-0.8100296850000001;0.5663250090000001;0.437423319;0;0
4798;971;-0.840790272;0.522869527;0.414474964;0;0
4808;972;-0.861297429;0.454024345;0.363207251;0;0
4808;973;-0.889128447;0.403733164;0.352465451;0;0
4812;974;-0.905729413;0.3558833;0.350512415;0;0
4817;975;-0.917935967;0.304127336;0.29485032;0;0
4821;976;-0.939419568;0.264577955;0.310474753;0;0
4833;977;-0.936489999;0.233817339;0.283131987;0;0
4834;978;-0.939907849;0.19670929;0.300709486;0;0
4838;979;-0.924771667;0.168878257;0.267507523;0;0
4846;980;-0.9115885500000001;0.130305409;0.264089704;0;0
4846;981;-0.8793631790000001;0.114192702;0.259695321;0;0
4851;982;-0.858856082;0.100521311;0.254324436;0;0
4857;983;-0.832001507;0.08099076199999999;0.244070873;0;0
4861;984;-0.8046587710000001;0.08977951100000001;0.242606089;0;0
4866;985;-0.790499151;0.09222082800000001;0.275319785;0;0
4871;986;-0.782198668;0.094173886;0.268484056;0;0
4877;987;-0.772921622;0.108333543;0.275808036;0;0
4881;988;-0.782198668;0.127864093;0.294362038;0;0
4885;989;-0.787081301;0.153253809;0.268484056;0;0
4893;990;-0.803193986;0.183037907;0.283131987;0;0
4901;991;-0.814424038;0.203544974;0.289967686;0;0
4902;992;-0.825654089;0.225028604;0.290944189;0;0
4907;993;-0.853485227;0.234793872;0.290455937;0;0
4911;994;-0.865203559;0.25578922;0.307545185;0;0
4915;995;-0.87594533;0.256765753;0.289967686;0;0
4922;996;-0.8944993020000001;0.257742256;0.302662551;0;0
4928;997;-0.9115885500000001;0.264577955;0.306568652;0;0
4930;998;-0.939419568;0.271901906;0.309986502;0;0
4935;999;-0.956997156;0.272390157;0.336352736;0;0
4947;1000;-0.981410325;0.257254004;0.316822171;0;0
4947;1001;-1.0009408;0.230887756;0.307545185;0;0
4953;1002;-1.014123917;0.214775041;0.292897254;0;0
4957;1003;-1.067344785;0.206474572;0.311939538;0;0
4960;1004;-1.08345747;0.191338375;0.316822171;0;0
4965;1005;-1.114217997;0.195732757;0.317310452;0;0
4970;1006;-1.120077133;0.180108309;0.314380854;0;0
4979;1007;-1.123494983;0.161066025;0.321216553;0;0
4979;1008;-1.11177671;0.132746726;0.3343997;0;0
4984;1009;-1.089804888;0.130793661;0.342700154;0;0
4995;1010;-1.068809509;0.136164576;0.336352736;0;0
4995;1011;-1.041466713;0.156671658;0.338794053;0;0
4999;1012;-1.006311774;0.166925192;0.354906768;0;0
5005;1013;-0.9740863440000001;0.16985479;0.347582787;0;0
5009;1014;-0.956020594;0.179131791;0.330493569;0;0
5014;1015;-0.94723177;0.191338375;0.34514147;0;0
5029;1016;-0.94723177;0.192803174;0.332446635;0;0
5029;1017;-0.950649738;0.195732757;0.324634403;0;0
5029;1018;-0.968715429;0.186944008;0.329517066;0;0
5034;1019;-0.977015913;0.172784358;0.338794053;0;0
5046;1020;-0.990687311;0.169366524;0.330493569;0;0
5046;1021;-0.99410516;0.172296107;0.324146122;0;0
5052;1022;-1.003870368;0.184502691;0.331470102;0;0
5056;1023;-1.017053485;0.169366524;0.327564001;0;0
5059;1024;-1.012170911;0.180108309;0.333911419;0;0
5064;1025;-1.010706067;0.188897058;0.336841017;0;0
5080;1026;-1.024377465;0.190850124;0.339770585;0;0
5080;1027;-1.005823493;0.199638873;0.3343997;0;0
5081;1028;-0.99752301;0.204033256;0.333423167;0;0
5084;1029;-1.004846931;0.213798523;0.341723651;0;0
5089;1030;-0.999964297;0.193779707;0.339282334;0;0
5099;1031;-1.005335212;0.20012714;0.330981851;0;0
5099;1032;-1.00826478;0.196221024;0.33781752;0;0
5104;1033;-0.999964297;0.188408807;0.328052253;0;0
5108;1034;-1.001917362;0.182061374;0.332446635;0;0
5113;1035;-0.987269461;0.176202208;0.317310452;0;0
5126;1036;-0.98678118;0.173760891;0.313892603;0;0
5126;1037;-0.973598063;0.184502691;0.290455937;0;0
5129;1038;-0.966762424;0.171319574;0.298268139;0;0
5132;1039;-0.952602744;0.177178726;0.298756421;0;0
5140;1040;-0.943325639;0.187920541;0.272390157;0;0
5146;1041;-0.925259948;0.190361857;0.284596771;0;0
5149;1042;-0.924283385;0.204521522;0.270437121;0;0
5153;1043;-0.917447686;0.21282199;0.279714137;0;0
5157;1044;-0.895475864;0.211845472;0.279714137;0;0
5163;1045;-0.905729413;0.220145941;0.292897254;0;0
5168;1046;-0.901823282;0.217704624;0.309498221;0;0
5175;1047;-0.893034518;0.231864288;0.296315104;0;0
5181;1048;-0.886198878;0.230887756;0.302662551;0;0
5182;1049;-0.893034518;0.235282138;0.317310452;0;0
5191;1050;-0.876433611;0.250418335;0.315357387;0;0
5196;1051;-0.880339682;0.24651219;0.321704805;0;0
5197;1052;-0.881804466;0.259695321;0.328052253;0;0
5202;1053;-0.862762213;0.26262489;0.339282334;0;0
5208;1054;-0.869597912;0.285573304;0.336352736;0;0
5212;1055;-0.866180062;0.281667203;0.328052253;0;0
5221;1056;-0.865691781;0.293385506;0.346118003;0;0
5225;1057;-0.856903076;0.296803355;0.359789401;0;0
5230;1058;-0.866180062;0.304615587;0.352465451;0;0
5237;1059;-0.874480546;0.309009969;0.369066417;0;0
5237;1060;-0.8642269970000001;0.30217427;0.365160316;0;0
5241;1061;-0.87594533;0.303150803;0.377855182;0;0
5247;1062;-0.873015761;0.304127336;0.372972518;0;0
5251;1063;-0.882781029;0.30217427;0.382249534;0;0
5257;1064;-0.874480546;0.29485032;0.378343433;0;0
5261;1065;-0.898893714;0.301197767;0.382249534;0;0
5269;1066;-0.890593231;0.295826823;0.382249534;0;0
5275;1067;-0.897917151;0.297779888;0.368089885;0;0
5283;1068;-0.899870217;0.300221235;0.381273031;0;0
5283;1069;-0.895964146;0.304127336;0.371995986;0;0
5288;1070;-0.910123765;0.295338571;0.374437302;0;0
5292;1071;-0.903776348;0.294362038;0.360765934;0;0
5296;1072;-0.919889033;0.292409003;0.358324617;0;0
5301;1073;-0.924771667;0.296315104;0.357836366;0;0
5306;1074;-0.92233032;0.290455937;0.364183784;0;0
5311;1075;-0.930630803;0.283620238;0.347582787;0;0
5316;1076;-0.935025215;0.300709486;0.357836366;0;0
5323;1077;-0.931119084;0.284596771;0.369066417;0;0
5329;1078;-0.922818601;0.278737605;0.374437302;0;0
5334;1079;-0.935513437;0.28410852;0.365648568;0;0
5335;1080;-0.952114522;0.283620238;0.363695502;0;0
5341;1081;-0.939907849;0.281178921;0.362230718;0;0
5345;1082;-0.943325639;0.281178921;0.355395049;0;0
5350;1083;-0.942349136;0.281667203;0.367113352;0;0
5355;1084;-0.939419568;0.29485032;0.34855932;0;0
5360;1085;-0.929166019;0.287038088;0.338305801;0;0
5367;1086;-0.934536934;0.282155454;0.330005318;0;0
5373;1087;-0.942349136;0.285085052;0.345629752;0;0
5382;1088;-0.940884352;0.28069067;0.347094536;0;0
5382;1089;-0.922818601;0.264577955;0.348071069;0;0
5386;1090;-0.934536934;0.273854971;0.353930235;0;0
5390;1091;-0.931119084;0.257742256;0.347094536;0;0
5394;1092;-0.933560371;0.259695321;0.372972518;0;0
5399;1093;-0.925748169;0.251394838;0.34855932;0;0
5405;1094;-0.923306882;0.256277472;0.326587468;0;0
5421;1095;-0.917447686;0.255300939;0.342700154;0;0
5421;1096;-0.9267247320000001;0.247488722;0.334887952;0;0
5421;1097;-0.905241132;0.252371371;0.328540534;0;0
5431;1098;-0.915982902;0.250906587;0.32365787;0;0
5431;1099;-0.918424249;0.250906587;0.310474753;0;0
5435;1100;-0.915982902;0.245535657;0.307056904;0;0
5439;1101;-0.9218420980000001;0.240164772;0.321216553;0;0
5444;1102;-0.920865536;0.234305605;0.30217427;0;0
5449;1103;-0.925748169;0.228934705;0.31633392;0;0
5454;1104;-0.926236451;0.226005122;0.313892603;0;0
5464;1105;-0.926236451;0.213798523;0.329517066;0;0
5464;1106;-0.928189516;0.213310257;0.346118003;0;0
5476;1107;-0.941372633;0.214286789;0.334887952;0;0
5476;1108;-0.926236451;0.222098991;0.326587468;0;0
5482;1109;-0.930630803;0.22356379;0.314380854;0;0
5488;1110;-0.932095587;0.226981655;0.324634403;0;0
5492;1111;-0.927701235;0.237235188;0.327564001;0;0
5497;1112;-0.930630803;0.226493388;0.31291607;0;0
5499;1113;-0.920377314;0.236258656;0.321216553;0;0
5504;1114;-0.9267247320000001;0.244559139;0.30559212;0;0
5513;1115;-0.933560371;0.240653023;0.307545185;0;0
5513;1116;-0.928189516;0.24651219;0.317798704;0;0
5518;1117;-0.935513437;0.247976974;0.320728302;0;0
5530;1118;-0.94723177;0.239676505;0.319263488;0;0
5531;1119;-0.9418608550000001;0.232840821;0.309986502;0;0
5535;1120;-0.942837417;0.237723455;0.3343997;0;0
5539;1121;-0.952602744;0.225028604;0.316822171;0;0
5543;1122;-0.965785861;0.221122473;0.32365787;0;0
5548;1123;-0.9589501620000001;0.232840821;0.31633392;0;0
5555;1124;-0.962368011;0.22161074;0.316822171;0;0
5558;1125;-0.960415006;0.225028604;0.317798704;0;0
5563;1126;-0.956997156;0.222587258;0.310474753;0;0
5568;1127;-0.965785861;0.217704624;0.319263488;0;0
5579;1128;-0.9589501620000001;0.219657674;0.330493569;0;0
5588;1129;-0.9638327960000001;0.218681157;0.314380854;0;0
5588;1130;-0.965785861;0.226981655;0.322193086;0;0
5588;1131;-0.960903227;0.226981655;0.307056904;0;0
5595;1132;-0.9540675280000001;0.239676505;0.318286985;0;0
5599;1133;-0.950649738;0.227958187;0.318286985;0;0
5602;1134;-0.9589501620000001;0.240653023;0.324634403;0;0
5611;1135;-0.949184835;0.245535657;0.31633392;0;0
5613;1136;-0.950161457;0.244070873;0.309498221;0;0
5619;1137;-0.952114522;0.240653023;0.330005318;0;0
5630;1138;-0.945278704;0.24846524;0.324634403;0;0
5630;1139;-0.942837417;0.245535657;0.330005318;0;0
5641;1140;-0.933560371;0.241629556;0.313892603;0;0
5641;1141;-0.928189516;0.240164772;0.332446635;0;0
5648;1142;-0.930142581;0.245535657;0.325122684;0;0
5648;1143;-0.933560371;0.241629556;0.322193086;0;0
5652;1144;-0.925259948;0.250418335;0.324146122;0;0
5657;1145;-0.924283385;0.261160105;0.344164968;0;0
5673;1146;-0.912076831;0.249930039;0.333423167;0;0
5673;1147;-0.910123765;0.254324436;0.332934886;0;0
5673;1148;-0.916471183;0.250418335;0.343676686;0;0
5678;1149;-0.901335001;0.251394838;0.335376203;0;0
5681;1150;-0.903288066;0.248953506;0.335376203;0;0
5689;1151;-0.91549468;0.254812688;0.34514147;0;0
5692;1152;-0.907194197;0.24309434;0.341723651;0;0
5696;1153;-0.914029837;0.245047405;0.340747118;0;0
5701;1154;-0.916471183;0.242117822;0.34855932;0;0
5708;1155;-0.919400752;0.242606089;0.350512415;0;0
5711;1156;-0.927212954;0.240653023;0.346118003;0;0
5716;1157;-0.9218420980000001;0.245535657;0.341723651;0;0
5728;1158;-0.917935967;0.251883119;0.353441983;0;0
5728;1159;-0.917935967;0.238699973;0.330493569;0;0
5733;1160;-0.916471183;0.242117822;0.341723651;0;0
5740;1161;-0.924283385;0.241629556;0.333423167;0;0
5740;1162;-0.9081707;0.255300939;0.345629752;0;0
5745;1163;-0.913541615;0.258718789;0.3666251;0;0
5755;1164;-0.9145181180000001;0.244559139;0.356371552;0;0
5755;1165;-0.916959465;0.255300939;0.353930235;0;0
5766;1166;-0.907682419;0.268484056;0.363207251;0;0
5767;1167;-0.9115885500000001;0.26653102;0.361254185;0;0
5772;1168;-0.907194197;0.268484056;0.3666251;0;0
5776;1169;-0.914029837;0.265066206;0.3666251;0;0
5780;1170;-0.907682419;0.271901906;0.352953732;0;0
5785;1171;-0.9145181180000001;0.270437121;0.344164968;0;0
5791;1172;-0.906705916;0.268972337;0.353441983;0;0
5795;1173;-0.915982902;0.261648387;0.34855932;0;0
5806;1174;-0.910123765;0.254324436;0.354906768;0;0
5806;1175;-0.908658981;0.251394838;0.347582787;0;0
5809;1176;-0.911100268;0.253347903;0.351488918;0;0
5814;1177;-0.905729413;0.249441773;0.351977199;0;0
5821;1178;-0.903288066;0.240164772;0.358324617;0;0
5828;1179;-0.9115885500000001;0.241629556;0.338794053;0;0
5836;1180;-0.907194197;0.236258656;0.339770585;0;0
5836;1181;-0.9081707;0.242117822;0.346606284;0;0
5839;1182;-0.916959465;0.241141289;0.356371552;0;0
5844;1183;-0.922818601;0.240653023;0.359789401;0;0
5857;1184;-0.917447686;0.241141289;0.34855932;0;0
5858;1185;-0.927701235;0.239676505;0.347094536;0;0
5861;1186;-0.918424249;0.251394838;0.342211902;0;0
5871;1187;-0.915982902;0.244559139;0.346606284;0;0
5872;1188;-0.91891247;0.240653023;0.363695502;0;0
5883;1189;-0.925748169;0.242117822;0.342211902;0;0
5883;1190;-0.928189516;0.241141289;0.351977199;0;0
5883;1191;-0.9267247320000001;0.239676505;0.351000667;0;0
5890;1192;-0.930630803;0.237235188;0.342700154;0;0
5894;1193;-0.924771667;0.247488722;0.352953732;0;0
5901;1194;-0.928189516;0.236746922;0.334887952;0;0
5909;1195;-0.9218420980000001;0.234305605;0.346606284;0;0
5909;1196;-0.936489999;0.238699973;0.329028785;0;0
5913;1197;-0.935513437;0.234305605;0.34514147;0;0
5922;1198;-0.938443005;0.236746922;0.33781752;0;0
5927;1199;-0.930630803;0.240653023;0.335376203;0;0
5929;1200;-0.933560371;0.230399504;0.3343997;0;0
5933;1201;-0.942349136;0.238211706;0.339770585;0;0
5940;1202;-0.942837417;0.236258656;0.338794053;0;0
5943;1203;-0.932095587;0.237235188;0.324634403;0;0
5948;1204;-0.935025215;0.239676505;0.341723651;0;0
5960;1205;-0.93307215;0.226005122;0.318775237;0;0
5960;1206;-0.935025215;0.240653023;0.33781752;0;0
5965;1207;-0.929166019;0.228934705;0.333911419;0;0
5968;1208;-0.930630803;0.236258656;0.336841017;0;0
5982;1209;-0.932583869;0.232840821;0.335376203;0;0
5983;1210;-0.925259948;0.227958187;0.334887952;0;0
5983;1211;-0.920865536;0.234305605;0.335864484;0;0
5988;1212;-0.934048653;0.231376022;0.321216553;0;0
5993;1213;-0.935513437;0.227469921;0.317798704;0;0
6003;1214;-0.934048653;0.224052057;0.335864484;0;0
6003;1215;-0.935025215;0.230399504;0.330981851;0;0
6019;1216;-0.938443005;0.234793872;0.346118003;0;0
6019;1217;-0.933560371;0.226005122;0.336841017;0;0
6019;1218;-0.9369782209999999;0.239676505;0.34514147;0;0
6033;1219;-0.926236451;0.242117822;0.352465451;0;0
6033;1220;-0.927701235;0.235282138;0.3558833;0;0
6033;1221;-0.932583869;0.235282138;0.335376203;0;0
6039;1222;-0.935025215;0.238211706;0.342700154;0;0
6042;1223;-0.939419568;0.240164772;0.339770585;0;0
6047;1224;-0.939419568;0.240164772;0.351000667;0;0
6059;1225;-0.942837417;0.238699973;0.335864484;0;0
6059;1226;-0.935025215;0.251883119;0.325610936;0;0
6069;1227;-0.937466502;0.241141289;0.324146122;0;0
6069;1228;-0.940884352;0.240164772;0.339770585;0;0
6099;1229;-0.9540675280000001;0.237723455;0.331470102;0;0
6099;1230;-0.942837417;0.240653023;0.338305801;0;0
6099;1231;-0.955532372;0.234793872;0.338305801;0;0
6099;1232;-0.953091025;0.232840821;0.330005318;0;0
6099;1233;-0.948696554;0.234793872;0.331470102;0;0
6099;1234;-0.948208272;0.238211706;0.33781752;0;0
6144;1235;-0.943325639;0.237235188;0.330981851;0;0
6144;1236;-0.940884352;0.244070873;0.330005318;0;0
6144;1237;-0.9267247320000001;0.241629556;0.330493569;0;0
6144;1238;-0.934048653;0.245047405;0.364672035;0;0
6144;1239;-0.932583869;0.250418335;0.353441983;0;0
6144;1240;-0.916959465;0.247488722;0.341723651;0;0
6144;1241;-0.91891247;0.254812688;0.346118003;0;0
6144;1242;-0.9096354840000001;0.257254004;0.348071069;0;0
6149;1243;-0.910612047;0.260671854;0.358812869;0;0
6184;1244;-0.907682419;0.262136638;0.336352736;0;0
6184;1245;-0.906217635;0.248953506;0.350512415;0;0
6184;1246;-0.914029837;0.256765753;0.344653219;0;0
6184;1247;-0.89742893;0.256277472;0.351000667;0;0
6184;1248;-0.9081707;0.244070873;0.362230718;0;0
6184;1249;-0.896940649;0.255300939;0.353441983;0;0
6184;1250;-0.903288066;0.247000456;0.360765934;0;0
6184;1251;-0.907194197;0.245535657;0.352953732;0;0
6194;1252;-0.903776348;0.241629556;0.364672035;0;0
6194;1253;-0.905729413;0.241629556;0.362718999;0;0
6205;1254;-0.905729413;0.249441773;0.341235369;0;0
6205;1255;-0.91549468;0.240653023;0.351488918;0;0
6205;1256;-0.916959465;0.247976974;0.353930235;0;0
6211;1257;-0.91891247;0.238211706;0.33781752;0;0
6217;1258;-0.922818601;0.236258656;0.350512415;0;0
6225;1259;-0.932583869;0.231864288;0.346606284;0;0
6225;1260;-0.93307215;0.224540308;0.341235369;0;0
6232;1261;-0.925259948;0.231864288;0.345629752;0;0
6236;1262;-0.9316073660000001;0.229422972;0.342700154;0;0
6241;1263;-0.927701235;0.231864288;0.34514147;0;0
6244;1264;-0.924771667;0.237235188;0.342700154;0;0
6252;1265;-0.918424249;0.225028604;0.333423167;0;0
6258;1266;-0.93307215;0.242606089;0.353930235;0;0
6262;1267;-0.916959465;0.234305605;0.353930235;0;0
6270;1268;-0.926236451;0.241629556;0.362718999;0;0
6270;1269;-0.915006399;0.238699973;0.35930115;0;0
6275;1270;-0.910612047;0.233817339;0.360765934;0;0
6279;1271;-0.911100268;0.235770389;0.376390398;0;0
6285;1272;-0.91549468;0.241141289;0.361742467;0;0
6297;1273;-0.915006399;0.240653023;0.362718999;0;0
6297;1274;-0.905729413;0.247488722;0.370531201;0;0
6299;1275;-0.911100268;0.254812688;0.3666251;0;0
6308;1276;-0.9081707;0.24651219;0.374437302;0;0
6313;1277;-0.912565053;0.247488722;0.358812869;0;0
6314;1278;-0.903776348;0.242606089;0.37004295;0;0
6323;1279;-0.909147203;0.243582606;0.365160316;0;0
6326;1280;-0.9096354840000001;0.244559139;0.351977199;0;0
6329;1281;-0.925748169;0.250906587;0.368578136;0;0
6334;1282;-0.895964146;0.247000456;0.357348084;0;0
6342;1283;-0.911100268;0.256277472;0.340747118;0;0
6343;1284;-0.9145181180000001;0.24651219;0.359789401;0;0
6348;1285;-0.906217635;0.253347903;0.369066417;0;0
6355;1286;-0.910612047;0.250418335;0.358812869;0;0
6360;1287;-0.914029837;0.244070873;0.357836366;0;0
6366;1288;-0.923795104;0.247000456;0.363695502;0;0
6371;1289;-0.916471183;0.250906587;0.351000667;0;0
6373;1290;-0.920865536;0.244559139;0.358812869;0;0
6378;1291;-0.928677738;0.244559139;0.375413865;0;0
6383;1292;-0.9267247320000001;0.251394838;0.350512415;0;0
6401;1293;-0.932095587;0.244070873;0.352465451;0;0
6401;1294;-0.927212954;0.249441773;0.362230718;0;0
6401;1295;-0.925748169;0.241629556;0.354906768;0;0
6404;1296;-0.9316073660000001;0.247976974;0.361254185;0;0
6412;1297;-0.925259948;0.24651219;0.356371552;0;0
6437;1298;-0.919400752;0.247976974;0.358324617;0;0
6437;1299;-0.916959465;0.244559139;0.3558833;0;0
6437;1300;-0.920377314;0.238699973;0.346606284;0;0
6437;1301;-0.916471183;0.233817339;0.363695502;0;0
6437;1302;-0.916959465;0.231376022;0.356859833;0;0
6444;1303;-0.909147203;0.233817339;0.369066417;0;0
6444;1304;-0.9145181180000001;0.24309434;0.348071069;0;0
6455;1305;-0.9096354840000001;0.250418335;0.367113352;0;0
6460;1306;-0.903776348;0.240653023;0.344164968;0;0
6487;1307;-0.910612047;0.238699973;0.365648568;0;0
6487;1308;-0.910123765;0.232840821;0.365648568;0;0
6487;1309;-0.907682419;0.247000456;0.350512415;0;0
6499;1310;-0.911100268;0.241629556;0.370531201;0;0
6499;1311;-0.911100268;0.241629556;0.370531201;0;0
6499;1312;-0.911100268;0.241629556;0.370531201;0;0
6499;1313;-0.911100268;0.241629556;0.370531201;0;0
6499;1314;-0.911100268;0.241629556;0.370531201;0;0
6499;1315;-0.915982902;0.247000456;0.37004295;0;0
6514;1316;-0.912565053;0.245535657;0.38078475;0;0
6515;1317;-0.920865536;0.245047405;0.375902116;0;0
6515;1318;-0.916471183;0.255300939;0.373949051;0;0
6521;1319;-0.920865536;0.245535657;0.379319966;0;0
6521;1320;-0.924771667;0.242606089;0.362230718;0;0
6533;1321;-0.9267247320000001;0.251394838;0.364672035;0;0
6533;1322;-0.9267247320000001;0.250906587;0.371019453;0;0
6537;1323;-0.923306882;0.260671854;0.353441983;0;0
6548;1324;-0.930142581;0.258718789;0.365648568;0;0
6548;1325;-0.927701235;0.257742256;0.346118003;0;0
6567;1326;-0.926236451;0.253836155;0.353930235;0;0
6567;1327;-0.929166019;0.247488722;0.362718999;0;0
6567;1328;-0.927212954;0.247976974;0.386155665;0;0
6567;1329;-0.91549468;0.244559139;0.351000667;0;0
6581;1330;-0.91891247;0.257254004;0.37004295;0;0
6581;1331;-0.922818601;0.249441773;0.353441983;0;0
6586;1332;-0.916959465;0.24651219;0.368578136;0;0
6586;1333;-0.924771667;0.250906587;0.354906768;0;0
6591;1334;-0.916959465;0.247488722;0.361742467;0;0
6605;1335;-0.9115885500000001;0.251394838;0.352465451;0;0
6605;1336;-0.920865536;0.247976974;0.355395049;0;0
6605;1337;-0.924283385;0.255300939;0.358812869;0;0
6614;1338;-0.9218420980000001;0.24651219;0.358812869;0;0
6615;1339;-0.924771667;0.252371371;0.353930235;0;0
6628;1340;-0.9267247320000001;0.248953506;0.346118003;0;0
6628;1341;-0.925259948;0.245047405;0.359789401;0;0
6631;1342;-0.928677738;0.245535657;0.357836366;0;0
6636;1343;-0.923306882;0.242606089;0.361254185;0;0
6644;1344;-0.932583869;0.245047405;0.360765934;0;0
6657;1345;-0.928677738;0.254812688;0.357348084;0;0
6657;1346;-0.931119084;0.243582606;0.371995986;0;0
6657;1347;-0.928677738;0.250906587;0.349535853;0;0
6681;1348;-0.931119084;0.250418335;0.351488918;0;0
6681;1349;-0.9267247320000001;0.250906587;0.362718999;0;0
6681;1350;-0.938443005;0.250906587;0.364183784;0;0
6681;1351;-0.9369782209999999;0.251883119;0.34855932;0;0
6681;1352;-0.93307215;0.250418335;0.3558833;0;0
6695;1353;-0.93307215;0.250418335;0.3558833;0;0
6695;1354;-0.9369782209999999;0.249930039;0.351977199;0;0
6695;1355;-0.933560371;0.242606089;0.365160316;0;0
6699;1356;-0.928189516;0.254812688;0.346606284;0;0
6722;1357;-0.9267247320000001;0.249441773;0.356371552;0;0
6724;1358;-0.938931286;0.247488722;0.362230718;0;0
6724;1359;-0.926236451;0.250906587;0.345629752;0;0
6724;1360;-0.927212954;0.244559139;0.356859833;0;0
6724;1361;-0.925259948;0.245535657;0.353930235;0;0
6736;1362;-0.9316073660000001;0.261160105;0.37346077;0;0
6736;1363;-0.923306882;0.254812688;0.362230718;0;0
6747;1364;-0.9267247320000001;0.257742256;0.363207251;0;0
6747;1365;-0.915982902;0.244559139;0.360765934;0;0
6755;1366;-0.9316073660000001;0.258718789;0.354906768;0;0
6755;1367;-0.924771667;0.255300939;0.362718999;0;0
6760;1368;-0.928677738;0.251883119;0.368578136;0;0
6768;1369;-0.920865536;0.261160105;0.350024134;0;0
6774;1370;-0.924771667;0.248953506;0.362718999;0;0
6774;1371;-0.92233032;0.257254004;0.354906768;0;0
6778;1372;-0.923795104;0.248953506;0.359789401;0;0
6783;1373;-0.924283385;0.264089704;0.365160316;0;0
6791;1374;-0.927212954;0.261160105;0.352465451;0;0
6801;1375;-0.932095587;0.261648387;0.353441983;0;0
6801;1376;-0.917447686;0.253836155;0.361254185;0;0
6806;1377;-0.928677738;0.258718789;0.358812869;0;0
6813;1378;-0.925259948;0.25578922;0.350024134;0;0
6814;1379;-0.9218420980000001;0.258718789;0.344653219;0;0
6823;1380;-0.924283385;0.244070873;0.365160316;0;0
6823;1381;-0.917935967;0.25578922;0.365160316;0;0
6833;1382;-0.91891247;0.239676505;0.351488918;0;0
6833;1383;-0.9145181180000001;0.247000456;0.364183784;0;0
6842;1384;-0.915982902;0.256277472;0.353930235;0;0
6854;1385;-0.910612047;0.253347903;0.357348084;0;0
6854;1386;-0.9115885500000001;0.259695321;0.359789401;0;0
6854;1387;-0.9115885500000001;0.262136638;0.372972518;0;0
6862;1388;-0.906217635;0.272390157;0.378343433;0;0
6863;1389;-0.9096354840000001;0.265554488;0.367601633;0;0
6867;1390;-0.914029837;0.26653102;0.3666251;0;0
6879;1391;-0.918424249;0.268972337;0.347582787;0;0
6879;1392;-0.925748169;0.263113171;0.372484267;0;0
6882;1393;-0.91549468;0.262136638;0.38078475;0;0
6888;1394;-0.925748169;0.260671854;0.371995986;0;0
6908;1395;-0.925259948;0.25578922;0.372972518;0;0
6908;1396;-0.914029837;0.251394838;0.385179132;0;0
6908;1397;-0.919889033;0.265554488;0.367601633;0;0
6908;1398;-0.917447686;0.271413654;0.367113352;0;0
6920;1399;-0.919889033;0.263113171;0.368089885;0;0
6920;1400;-0.919400752;0.26262489;0.371995986;0;0
6934;1401;-0.905241132;0.255300939;0.372972518;0;0
6934;1402;-0.909147203;0.255300939;0.367113352;0;0
6934;1403;-0.906705916;0.252371371;0.38078475;0;0
6936;1404;-0.903776348;0.247976974;0.369554669;0;0
6945;1405;-0.9081707;0.241629556;0.396409184;0;0
6957;1406;-0.906217635;0.249441773;0.38078475;0;0
6957;1407;-0.902799785;0.238699973;0.395432651;0;0
6957;1408;-0.903776348;0.254324436;0.396897435;0;0
6962;1409;-0.905729413;0.256277472;0.395920932;0;0
6966;1410;-0.910612047;0.255300939;0.392991334;0;0
6974;1411;-0.901335001;0.247488722;0.395432651;0;0
6976;1412;-0.901823282;0.252371371;0.395432651;0;0
6981;1413;-0.901823282;0.24846524;0.386155665;0;0
6986;1414;-0.9081707;0.254812688;0.386643916;0;0
7006;1415;-0.906217635;0.264089704;0.382737815;0;0
7006;1416;-0.8993819360000001;0.25578922;0.401291847;0;0
7006;1417;-0.905729413;0.259695321;0.373949051;0;0
7006;1418;-0.904264569;0.26262489;0.384690851;0;0
7014;1419;-0.902799785;0.263601422;0.388108701;0;0
7018;1420;-0.903776348;0.265554488;0.38078475;0;0
7029;1421;-0.9096354840000001;0.254324436;0.390061766;0;0
7029;1422;-0.9145181180000001;0.251394838;0.363695502;0;0
7030;1423;-0.903288066;0.255300939;0.368578136;0;0
7038;1424;-0.910123765;0.244559139;0.359789401;0;0
7044;1425;-0.923306882;0.244070873;0.372972518;0;0
7048;1426;-0.922818601;0.235770389;0.373949051;0;0
7050;1427;-0.922818601;0.219657674;0.369066417;0;0
7060;1428;-0.919889033;0.219657674;0.385179132;0;0
7060;1429;-0.918424249;0.219657674;0.37346077;0;0
7066;1430;-0.931119084;0.20745109;0.377855182;0;0
7073;1431;-0.919400752;0.199638873;0.376878649;0;0
7076;1432;-0.912565053;0.223075524;0.389573485;0;0
7083;1433;-0.9081707;0.22161074;0.376878649;0;0
7087;1434;-0.916471183;0.222587258;0.395920932;0;0
7091;1435;-0.904264569;0.224540308;0.386155665;0;0
7095;1436;-0.912076831;0.224540308;0.393479615;0;0
7100;1437;-0.901335001;0.234305605;0.375902116;0;0
7105;1438;-0.911100268;0.230399504;0.399827033;0;0
7110;1439;-0.902799785;0.238211706;0.371995986;0;0
7114;1440;-0.905729413;0.233817339;0.389085233;0;0
7126;1441;-0.908658981;0.235770389;0.385179132;0;0
7126;1442;-0.8993819360000001;0.235770389;0.399827033;0;0
7130;1443;-0.910612047;0.24309434;0.397873968;0;0
7134;1444;-0.907194197;0.232840821;0.412033647;0;0
7143;1445;-0.905241132;0.237235188;0.396409184;0;0
7148;1446;-0.906705916;0.233817339;0.395920932;0;0
7150;1447;-0.910612047;0.237723455;0.391038299;0;0
7155;1448;-0.914029837;0.237235188;0.389573485;0;0
7159;1449;-0.91891247;0.230399504;0.388108701;0;0
7175;1450;-0.917935967;0.233817339;0.404221416;0;0
7175;1451;-0.915006399;0.231376022;0.395432651;0;0
7175;1452;-0.91891247;0.240653023;0.375902116;0;0
7179;1453;-0.926236451;0.242606089;0.367113352;0;0
7184;1454;-0.923795104;0.236258656;0.380296499;0;0
7196;1455;-0.918424249;0.235770389;0.381273031;0;0
7196;1456;-0.915006399;0.237723455;0.392991334;0;0
7200;1457;-0.923795104;0.234305605;0.379319966;0;0
7206;1458;-0.908658981;0.234793872;0.396897435;0;0
7210;1459;-0.915982902;0.232840821;0.386155665;0;0
7215;1460;-0.9081707;0.230399504;0.375413865;0;0
7218;1461;-0.9145181180000001;0.234793872;0.380296499;0;0
7227;1462;-0.910612047;0.235282138;0.396409184;0;0
7233;1463;-0.9096354840000001;0.239676505;0.381273031;0;0
7234;1464;-0.912076831;0.237235188;0.385179132;0;0
7243;1465;-0.9081707;0.255300939;0.391038299;0;0
7243;1466;-0.894987583;0.249930039;0.381273031;0;0
7249;1467;-0.8944993020000001;0.24846524;0.383714348;0;0
7253;1468;-0.902799785;0.251883119;0.367601633;0;0
7258;1469;-0.899870217;0.262136638;0.379319966;0;0
7268;1470;-0.902799785;0.256765753;0.374925584;0;0
7268;1471;-0.899870217;0.253836155;0.372972518;0;0
7286;1472;-0.909147203;0.257742256;0.385179132;0;0
7286;1473;-0.91891247;0.261648387;0.373949051;0;0
7286;1474;-0.914029837;0.249441773;0.381273031;0;0
7300;1475;-0.917935967;0.244070873;0.376390398;0;0
7300;1476;-0.9267247320000001;0.234793872;0.396409184;0;0
7300;1477;-0.930142581;0.255300939;0.371995986;0;0
7307;1478;-0.917447686;0.249930039;0.38078475;0;0
7307;1479;-0.916959465;0.24651219;0.377855182;0;0
7323;1480;-0.9316073660000001;0.254324436;0.379319966;0;0
7324;1481;-0.928189516;0.241629556;0.378831714;0;0
7324;1482;-0.920377314;0.247000456;0.392991334;0;0
7328;1483;-0.923306882;0.245047405;0.3666251;0;0
7332;1484;-0.926236451;0.24309434;0.384690851;0;0
7343;1485;-0.917935967;0.238211706;0.368089885;0;0
7343;1486;-0.924283385;0.242117822;0.3842026;0;0
7347;1487;-0.917935967;0.239676505;0.378343433;0;0
7354;1488;-0.917935967;0.242606089;0.371995986;0;0
7356;1489;-0.91549468;0.24651219;0.385667384;0;0
7363;1490;-0.920377314;0.24309434;0.371019453;0;0
7366;1491;-0.9218420980000001;0.233817339;0.375413865;0;0
7376;1492;-0.918424249;0.24309434;0.382249534;0;0
7381;1493;-0.924283385;0.251394838;0.374437302;0;0
7381;1494;-0.9145181180000001;0.240653023;0.389573485;0;0
7390;1495;-0.916959465;0.241141289;0.381273031;0;0
7393;1496;-0.9081707;0.25578922;0.380296499;0;0
7397;1497;-0.9081707;0.25578922;0.380296499;0;0
7401;1498;-0.905729413;0.247488722;0.364672035;0;0
7407;1499;-0.910123765;0.255300939;0.364672035;0;0
7418;1500;-0.915982902;0.248953506;0.3666251;0;0
7418;1501;-0.915982902;0.249441773;0.374437302;0;0
7422;1502;-0.906705916;0.250906587;0.368578136;0;0
7428;1503;-0.912565053;0.249930039;0.369554669;0;0
7432;1504;-0.917935967;0.247000456;0.38078475;0;0
7439;1505;-0.917935967;0.247488722;0.364672035;0;0
7442;1506;-0.915982902;0.250906587;0.385667384;0;0
7445;1507;-0.9115885500000001;0.251883119;0.365160316;0;0
7451;1508;-0.917447686;0.242117822;0.387132168;0;0
7455;1509;-0.911100268;0.247976974;0.385667384;0;0
7463;1510;-0.918424249;0.24309434;0.374437302;0;0
7466;1511;-0.907682419;0.256277472;0.380296499;0;0
7477;1512;-0.914029837;0.235770389;0.373949051;0;0
7477;1513;-0.908658981;0.239676505;0.377855182;0;0
7487;1514;-0.902799785;0.244559139;0.3666251;0;0
7487;1515;-0.903288066;0.245047405;0.377855182;0;0
7498;1516;-0.907682419;0.245535657;0.395920932;0;0
7498;1517;-0.905241132;0.257742256;0.37004295;0;0
7505;1518;-0.911100268;0.254324436;0.376390398;0;0
7505;1519;-0.912565053;0.261648387;0.368089885;0;0
7518;1520;-0.9115885500000001;0.250906587;0.377855182;0;0
7518;1521;-0.922818601;0.254812688;0.385667384;0;0
7533;1522;-0.923795104;0.261648387;0.376390398;0;0
7533;1523;-0.920377314;0.248953506;0.368089885;0;0
7533;1524;-0.920865536;0.251394838;0.365648568;0;0
7537;1525;-0.908658981;0.250906587;0.369066417;0;0
7552;1526;-0.911100268;0.244559139;0.378343433;0;0
7552;1527;-0.927212954;0.24309434;0.374925584;0;0
7552;1528;-0.925748169;0.244070873;0.371019453;0;0
7582;1529;-0.913541615;0.249441773;0.385667384;0;0
7582;1530;-0.910123765;0.250906587;0.386643916;0;0
7582;1531;-0.917935967;0.258230537;0.380296499;0;0
7582;1532;-0.91549468;0.251883119;0.372484267;0;0
7582;1533;-0.9145181180000001;0.256277472;0.384690851;0;0
7582;1534;-0.9218420980000001;0.256277472;0.360765934;0;0
7591;1535;-0.916959465;0.257254004;0.371995986;0;0
7591;1536;-0.91891247;0.250418335;0.368089885;0;0
7596;1537;-0.91891247;0.24846524;0.383714348;0;0
7603;1538;-0.924771667;0.247000456;0.383714348;0;0
7611;1539;-0.920377314;0.250906587;0.371019453;0;0
7611;1540;-0.930630803;0.247488722;0.382249534;0;0
7614;1541;-0.917447686;0.241141289;0.385179132;0;0
7624;1542;-0.923795104;0.24309434;0.363207251;0;0
7634;1543;-0.923306882;0.237235188;0.369554669;0;0
7634;1544;-0.919400752;0.235770389;0.381761283;0;0
7634;1545;-0.9145181180000001;0.237723455;0.395920932;0;0
7639;1546;-0.915006399;0.235770389;0.376878649;0;0
7644;1547;-0.910123765;0.241141289;0.383714348;0;0
7649;1548;-0.9145181180000001;0.247488722;0.392014802;0;0
7654;1549;-0.91891247;0.240653023;0.371995986;0;0
7662;1550;-0.915006399;0.242117822;0.361254185;0;0
7664;1551;-0.903776348;0.248953506;0.376390398;0;0
7673;1552;-0.918424249;0.242117822;0.385179132;0;0
7673;1553;-0.919889033;0.245047405;0.379808217;0;0
7682;1554;-0.915982902;0.240653023;0.380296499;0;0
7683;1555;-0.931119084;0.247000456;0.371995986;0;0
7688;1556;-0.91549468;0.245047405;0.378343433;0;0
7693;1557;-0.915006399;0.236746922;0.389573485;0;0
7698;1558;-0.9218420980000001;0.252371371;0.373949051;0;0
7705;1559;-0.910612047;0.240653023;0.373949051;0;0
7707;1560;-0.912076831;0.235282138;0.393479615;0;0
7713;1561;-0.906217635;0.235770389;0.381761283;0;0
7721;1562;-0.905241132;0.242117822;0.387132168;0;0
7728;1563;-0.907682419;0.24846524;0.386155665;0;0
7728;1564;-0.901823282;0.238699973;0.385667384;0;0
7734;1565;-0.901823282;0.25578922;0.372972518;0;0
7737;1566;-0.9081707;0.260671854;0.37346077;0;0
7742;1567;-0.904264569;0.250418335;0.3842026;0;0
7756;1568;-0.909147203;0.241629556;0.363695502;0;0
7756;1569;-0.91891247;0.234305605;0.393479615;0;0
7759;1570;-0.916471183;0.235282138;0.382249534;0;0
7765;1571;-0.9096354840000001;0.226981655;0.391038299;0;0
7769;1572;-0.915006399;0.232840821;0.375902116;0;0
7775;1573;-0.914029837;0.229422972;0.378831714;0;0
7780;1574;-0.910123765;0.237723455;0.391038299;0;0
7781;1575;-0.914029837;0.239676505;0.365648568;0;0
7787;1576;-0.907194197;0.24309434;0.387132168;0;0
7792;1577;-0.909147203;0.245535657;0.372972518;0;0
7797;1578;-0.906217635;0.241629556;0.360765934;0;0
7807;1579;-0.905241132;0.24651219;0.379319966;0;0
7807;1580;-0.925259948;0.24846524;0.380296499;0;0
7811;1581;-0.916471183;0.254812688;0.385667384;0;0
7817;1582;-0.905241132;0.253836155;0.375413865;0;0
7826;1583;-0.9096354840000001;0.245047405;0.371019453;0;0
7831;1584;-0.9081707;0.247488722;0.381761283;0;0
7838;1585;-0.910612047;0.251394838;0.382737815;0;0
7838;1586;-0.901823282;0.257254004;0.384690851;0;0
7844;1587;-0.902311563;0.254324436;0.385667384;0;0
7846;1588;-0.900358498;0.253347903;0.372484267;0;0
7854;1589;-0.903776348;0.257254004;0.359789401;0;0
7857;1590;-0.900358498;0.270925373;0.373949051;0;0
7872;1591;-0.908658981;0.264089704;0.385179132;0;0
7872;1592;-0.920377314;0.265066206;0.375902116;0;0
7872;1593;-0.916959465;0.257254004;0.371995986;0;0
7880;1594;-0.912565053;0.260183573;0.390061766;0;0
7881;1595;-0.919889033;0.259695321;0.369554669;0;0
7886;1596;-0.920377314;0.258230537;0.38078475;0;0
7891;1597;-0.924771667;0.247976974;0.365648568;0;0
7904;1598;-0.930630803;0.251883119;0.382249534;0;0
7904;1599;-0.922818601;0.253347903;0.374925584;0;0
7914;1600;-0.922818601;0.247488722;0.384690851;0;0
7914;1601;-0.920865536;0.254812688;0.369066417;0;0
7919;1602;-0.918424249;0.251883119;0.374925584;0;0
7923;1603;-0.911100268;0.253836155;0.380296499;0;0
7928;1604;-0.912076831;0.247488722;0.379808217;0;0
7930;1605;-0.912076831;0.247488722;0.379808217;0;0
7936;1606;-0.920377314;0.249441773;0.376390398;0;0
7940;1607;-0.913541615;0.249930039;0.378343433;0;0
7949;1608;-0.903288066;0.245047405;0.365648568;0;0
7950;1609;-0.910123765;0.249930039;0.387132168;0;0
7959;1610;-0.914029837;0.253347903;0.37004295;0;0
7963;1611;-0.901335001;0.24651219;0.377855182;0;0
7965;1612;-0.905241132;0.256277472;0.372484267;0;0
7974;1613;-0.907194197;0.250418335;0.379808217;0;0
7975;1614;-0.916959465;0.254812688;0.398362249;0;0
7980;1615;-0.918424249;0.251883119;0.365648568;0;0
7985;1616;-0.922818601;0.251883119;0.370531201;0;0
7990;1617;-0.922818601;0.251883119;0.370531201;0;0
7998;1618;-0.910612047;0.253347903;0.390550017;0;0
7999;1619;-0.919400752;0.245535657;0.386643916;0;0
8005;1620;-0.915982902;0.253836155;0.364183784;0;0
8015;1621;-0.913541615;0.249441773;0.364672035;0;0
8015;1622;-0.925259948;0.250906587;0.362230718;0;0
8020;1623;-0.916471183;0.247976974;0.362718999;0;0
8025;1624;-0.908658981;0.24651219;0.378343433;0;0
8030;1625;-0.914029837;0.254812688;0.376878649;0;0
8034;1626;-0.916959465;0.247976974;0.368578136;0;0
8040;1627;-0.903288066;0.250418335;0.38078475;0;0
8047;1628;-0.917447686;0.249441773;0.371019453;0;0
8049;1629;-0.915006399;0.251394838;0.368089885;0;0
8059;1630;-0.905241132;0.250906587;0.370531201;0;0
8059;1631;-0.905729413;0.264577955;0.365160316;0;0
8066;1632;-0.9096354840000001;0.247488722;0.362230718;0;0
8074;1633;-0.914029837;0.253836155;0.380296499;0;0
8074;1634;-0.912565053;0.253347903;0.365648568;0;0
8078;1635;-0.907682419;0.260183573;0.358324617;0;0
8084;1636;-0.903288066;0.257742256;0.367601633;0;0
8090;1637;-0.907194197;0.256277472;0.375413865;0;0
8096;1638;-0.893034518;0.244559139;0.370531201;0;0
8098;1639;-0.904264569;0.249441773;0.375902116;0;0
8113;1640;-0.908658981;0.244559139;0.381273031;0;0
8113;1641;-0.911100268;0.257254004;0.371995986;0;0
8117;1642;-0.906705916;0.244070873;0.382249534;0;0
8122;1643;-0.918424249;0.237723455;0.369066417;0;0
8123;1644;-0.917447686;0.240653023;0.371995986;0;0
8128;1645;-0.91549468;0.244070873;0.374925584;0;0
8133;1646;-0.918424249;0.247000456;0.374437302;0;0
8138;1647;-0.935513437;0.259695321;0.373949051;0;0
8146;1648;-0.932095587;0.254812688;0.372484267;0;0
8148;1649;-0.933560371;0.25578922;0.365160316;0;0
8153;1650;-0.9369782209999999;0.26262489;0.358324617;0;0
8164;1651;-0.929166019;0.263113171;0.368578136;0;0
8164;1652;-0.924283385;0.258230537;0.35930115;0;0
8170;1653;-0.926236451;0.271413654;0.365648568;0;0
8174;1654;-0.927701235;0.265066206;0.358812869;0;0
8178;1655;-0.920865536;0.261648387;0.357348084;0;0
8182;1656;-0.927701235;0.257742256;0.356859833;0;0
8188;1657;-0.916959465;0.261160105;0.358812869;0;0
8199;1658;-0.919889033;0.250418335;0.379808217;0;0
8199;1659;-0.925259948;0.258230537;0.368089885;0;0
8206;1660;-0.928677738;0.24846524;0.345629752;0;0
8215;1661;-0.91891247;0.250906587;0.351977199;0;0
8215;1662;-0.925259948;0.247488722;0.3558833;0;0
8221;1663;-0.925259948;0.24651219;0.369554669;0;0
8222;1664;-0.934536934;0.239676505;0.34514147;0;0
8227;1665;-0.926236451;0.240164772;0.341723651;0;0
8234;1666;-0.924283385;0.251394838;0.355395049;0;0
8237;1667;-0.929166019;0.247488722;0.353930235;0;0
8247;1668;-0.923795104;0.247488722;0.363207251;0;0
8247;1669;-0.9267247320000001;0.24846524;0.365648568;0;0
8254;1670;-0.9218420980000001;0.250418335;0.365160316;0;0
8258;1671;-0.932583869;0.248953506;0.376878649;0;0
8263;1672;-0.923306882;0.245535657;0.37004295;0;0
8271;1673;-0.926236451;0.250418335;0.365160316;0;0
8271;1674;-0.919400752;0.258230537;0.375902116;0;0
8276;1675;-0.923306882;0.258230537;0.372972518;0;0
8284;1676;-0.920865536;0.255300939;0.380296499;0;0
8296;1677;-0.925259948;0.258718789;0.373949051;0;0
8296;1678;-0.922818601;0.261160105;0.361254185;0;0
8296;1679;-0.916959465;0.256765753;0.341235369;0;0
8303;1680;-0.92233032;0.255300939;0.360765934;0;0
8309;1681;-0.92233032;0.255300939;0.358812869;0;0
8313;1682;-0.923306882;0.252371371;0.358324617;0;0
8316;1683;-0.919889033;0.242117822;0.349535853;0;0
8324;1684;-0.917447686;0.249930039;0.358324617;0;0
8326;1685;-0.923306882;0.244559139;0.355395049;0;0
8331;1686;-0.917447686;0.242606089;0.352465451;0;0
8339;1687;-0.913541615;0.247488722;0.348071069;0;0
8340;1688;-0.919889033;0.243582606;0.353930235;0;0
8345;1689;-0.9218420980000001;0.240164772;0.354906768;0;0
8353;1690;-0.9145181180000001;0.245535657;0.354906768;0;0
8359;1691;-0.92233032;0.247000456;0.352465451;0;0
8363;1692;-0.91891247;0.237723455;0.358324617;0;0
8365;1693;-0.932583869;0.243582606;0.355395049;0;0
8372;1694;-0.922818601;0.244559139;0.358324617;0;0
8375;1695;-0.928677738;0.245047405;0.367113352;0;0
8380;1696;-0.918424249;0.244070873;0.356859833;0;0
8389;1697;-0.919889033;0.253836155;0.362230718;0;0
8390;1698;-0.916959465;0.244070873;0.368089885;0;0
8395;1699;-0.926236451;0.241629556;0.368089885;0;0
8400;1700;-0.916959465;0.249441773;0.372484267;0;0
8409;1701;-0.9115885500000001;0.245535657;0.374925584;0;0
8413;1702;-0.912565053;0.250906587;0.365648568;0;0
8417;1703;-0.927212954;0.247976974;0.364672035;0;0
8422;1704;-0.919400752;0.256277472;0.373949051;0;0
8424;1705;-0.917935967;0.252371371;0.34514147;0;0
8430;1706;-0.91891247;0.257254004;0.364183784;0;0
8438;1707;-0.930630803;0.254812688;0.358812869;0;0
8441;1708;-0.915006399;0.25578922;0.358812869;0;0
8446;1709;-0.916471183;0.24309434;0.357348084;0;0
8450;1710;-0.917447686;0.248953506;0.352465451;0;0
8456;1711;-0.922818601;0.249441773;0.362718999;0;0
8465;1712;-0.924283385;0.242606089;0.373949051;0;0
8465;1713;-0.924283385;0.242606089;0.373949051;0;0
8472;1714;-0.920377314;0.253836155;0.362230718;0;0
8473;1715;-0.922818601;0.244559139;0.371995986;0;0
8478;1716;-0.9218420980000001;0.256277472;0.367113352;0;0
8486;1717;-0.914029837;0.255300939;0.373949051;0;0
8490;1718;-0.915006399;0.257254004;0.362718999;0;0
8495;1719;-0.919889033;0.264577955;0.37004295;0;0
8499;1720;-0.904264569;0.263113171;0.368089885;0;0
8504;1721;-0.915982902;0.261160105;0.3558833;0;0
8509;1722;-0.916471183;0.261648387;0.369066417;0;0
8514;1723;-0.907194197;0.26262489;0.375902116;0;0
8519;1724;-0.91549468;0.260183573;0.363695502;0;0
8523;1725;-0.916471183;0.249930039;0.375902116;0;0
8528;1726;-0.925748169;0.257742256;0.377855182;0;0
8535;1727;-0.92233032;0.254812688;0.353930235;0;0
8545;1728;-0.9218420980000001;0.256277472;0.365160316;0;0
8545;1729;-0.917935967;0.241629556;0.374925584;0;0
8550;1730;-0.908658981;0.251883119;0.369554669;0;0
8555;1731;-0.918424249;0.243582606;0.357348084;0;0
8558;1732;-0.9081707;0.247488722;0.357348084;0;0
8563;1733;-0.9096354840000001;0.242606089;0.358324617;0;0
8569;1734;-0.910123765;0.248953506;0.362718999;0;0
8573;1735;-0.906217635;0.24309434;0.365648568;0;0
8578;1736;-0.916959465;0.245047405;0.370531201;0;0
8590;1737;-0.909147203;0.243582606;0.379808217;0;0
8590;1738;-0.911100268;0.239676505;0.369066417;0;0
8592;1739;-0.918424249;0.254812688;0.370531201;0;0
8598;1740;-0.916471183;0.242606089;0.3666251;0;0
8604;1741;-0.920865536;0.234305605;0.368089885;0;0
8611;1742;-0.915006399;0.239676505;0.377855182;0;0
8612;1743;-0.918424249;0.244559139;0.357348084;0;0
8619;1744;-0.911100268;0.237235188;0.373949051;0;0
8624;1745;-0.917935967;0.247000456;0.375902116;0;0
8633;1746;-0.91891247;0.247976974;0.365648568;0;0
8633;1747;-0.923795104;0.249441773;0.356859833;0;0
8644;1748;-0.912076831;0.236258656;0.357348084;0;0
8644;1749;-0.925259948;0.248953506;0.358324617;0;0
8649;1750;-0.926236451;0.24846524;0.367113352;0;0
8654;1751;-0.911100268;0.24651219;0.355395049;0;0
8657;1752;-0.925748169;0.253836155;0.365160316;0;0
8662;1753;-0.919400752;0.24846524;0.362230718;0;0
8667;1754;-0.916471183;0.247000456;0.370531201;0;0
8672;1755;-0.919889033;0.251883119;0.375413865;0;0
8685;1756;-0.924283385;0.24309434;0.373949051;0;0
8685;1757;-0.924283385;0.249441773;0.356859833;0;0
8687;1758;-0.9218420980000001;0.249930039;0.368578136;0;0
8694;1759;-0.918424249;0.254324436;0.363695502;0;0
8698;1760;-0.925259948;0.253836155;0.35930115;0;0
8705;1761;-0.920377314;0.251394838;0.350512415;0;0
8706;1762;-0.920377314;0.250418335;0.362718999;0;0
8712;1763;-0.917935967;0.247976974;0.343676686;0;0
8716;1764;-0.923306882;0.24309434;0.37346077;0;0
8721;1765;-0.9218420980000001;0.245535657;0.37004295;0;0
8737;1766;-0.91891247;0.240653023;0.375413865;0;0
8737;1767;-0.92233032;0.253836155;0.3666251;0;0
8737;1768;-0.916471183;0.249441773;0.363207251;0;0
8741;1769;-0.928677738;0.245535657;0.371995986;0;0
8751;1770;-0.916959465;0.245535657;0.358812869;0;0
8751;1771;-0.9218420980000001;0.253836155;0.360765934;0;0
8756;1772;-0.91549468;0.244559139;0.389573485;0;0
8760;1773;-0.923306882;0.247488722;0.356371552;0;0
8766;1774;-0.915006399;0.251883119;0.357836366;0;0
8772;1775;-0.9218420980000001;0.250418335;0.362230718;0;0
8778;1776;-0.916959465;0.245047405;0.368578136;0;0
8781;1777;-0.907194197;0.253347903;0.369066417;0;0
8785;1778;-0.9267247320000001;0.261648387;0.372972518;0;0
8791;1779;-0.919889033;0.253347903;0.351488918;0;0
8795;1780;-0.919400752;0.245535657;0.365648568;0;0
8804;1781;-0.920865536;0.250418335;0.356859833;0;0
8805;1782;-0.92233032;0.254324436;0.351488918;0;0
8811;1783;-0.917447686;0.249441773;0.357836366;0;0
8816;1784;-0.913541615;0.255300939;0.339770585;0;0
8820;1785;-0.919889033;0.245047405;0.370531201;0;0
8831;1786;-0.92233032;0.239676505;0.361742467;0;0
8831;1787;-0.925259948;0.260183573;0.362230718;0;0
8836;1788;-0.924283385;0.245047405;0.368089885;0;0
8842;1789;-0.9267247320000001;0.250418335;0.361254185;0;0
8847;1790;-0.919889033;0.244070873;0.357836366;0;0
8852;1791;-0.925748169;0.251883119;0.369066417;0;0
8856;1792;-0.919889033;0.249441773;0.357348084;0;0
8860;1793;-0.920865536;0.250418335;0.365160316;0;0
8864;1794;-0.915006399;0.254324436;0.356859833;0;0
8870;1795;-0.919889033;0.249441773;0.370531201;0;0
8879;1796;-0.919400752;0.260671854;0.355395049;0;0
8879;1797;-0.915982902;0.257742256;0.353441983;0;0
8886;1798;-0.927701235;0.254324436;0.361742467;0;0
8892;1799;-0.924771667;0.252371371;0.363695502;0;0
8893;1800;-0.920865536;0.256765753;0.361254185;0;0
8898;1801;-0.925748169;0.253836155;0.353441983;0;0
8905;1802;-0.928677738;0.250906587;0.356371552;0;0
8914;1803;-0.9145181180000001;0.251394838;0.346606284;0;0
8914;1804;-0.915982902;0.258230537;0.355395049;0;0
8918;1805;-0.9218420980000001;0.257742256;0.363695502;0;0
8925;1806;-0.927701235;0.245535657;0.367113352;0;0
8928;1807;-0.917447686;0.258718789;0.362230718;0;0
8937;1808;-0.918424249;0.250906587;0.37004295;0;0
8943;1809;-0.916471183;0.258718789;0.346606284;0;0
8949;1810;-0.916959465;0.257742256;0.356859833;0;0
8949;1811;-0.923306882;0.260671854;0.364672035;0;0
8957;1812;-0.924283385;0.244559139;0.365160316;0;0
8960;1813;-0.917935967;0.252371371;0.351977199;0;0
8963;1814;-0.91891247;0.255300939;0.372484267;0;0
8973;1815;-0.924771667;0.249930039;0.356371552;0;0
8973;1816;-0.92233032;0.250418335;0.353930235;0;0
8980;1817;-0.918424249;0.253347903;0.364183784;0;0
8987;1818;-0.922818601;0.251883119;0.362230718;0;0
8990;1819;-0.922818601;0.253347903;0.358324617;0;0
8998;1820;-0.919400752;0.24846524;0.360765934;0;0
8998;1821;-0.919400752;0.24846524;0.360765934;0;0
9027;1822;-0.924283385;0.243582606;0.35930115;0;0
9027;1823;-0.923795104;0.255300939;0.368089885;0;0
9027;1824;-0.920865536;0.253836155;0.353441983;0;0
9027;1825;-0.919400752;0.255300939;0.362718999;0;0
9027;1826;-0.917935967;0.249930039;0.350024134;0;0
9027;1827;-0.919400752;0.253347903;0.363207251;0;0
9044;1828;-0.91891247;0.250906587;0.367113352;0;0
9044;1829;-0.919889033;0.260671854;0.363207251;0;0
9044;1830;-0.915982902;0.24846524;0.358812869;0;0
9049;1831;-0.913541615;0.248953506;0.358324617;0;0
9054;1832;-0.925748169;0.249930039;0.363207251;0;0
9058;1833;-0.924771667;0.252371371;0.363207251;0;0
9063;1834;-0.930630803;0.251394838;0.364183784;0;0
9074;1835;-0.924771667;0.253836155;0.351977199;0;0
9074;1836;-0.923795104;0.26262489;0.360765934;0;0
9077;1837;-0.925259948;0.256765753;0.353930235;0;0
9082;1838;-0.924283385;0.253347903;0.356859833;0;0
9093;1839;-0.924283385;0.256277472;0.363695502;0;0
9093;1840;-0.925748169;0.256765753;0.375413865;0;0
9101;1841;-0.917935967;0.251883119;0.355395049;0;0
9101;1842;-0.915982902;0.257254004;0.3558833;0;0
9107;1843;-0.915006399;0.253347903;0.362718999;0;0
9116;1844;-0.9145181180000001;0.264089704;0.35930115;0;0
9116;1845;-0.915006399;0.254324436;0.364183784;0;0
9122;1846;-0.918424249;0.260183573;0.362230718;0;0
9127;1847;-0.917935967;0.261648387;0.367601633;0;0
9131;1848;-0.9145181180000001;0.263113171;0.351000667;0;0
9141;1849;-0.92233032;0.257254004;0.361742467;0;0
9145;1850;-0.930142581;0.247000456;0.361254185;0;0
9146;1851;-0.9316073660000001;0.254812688;0.35930115;0;0
9156;1852;-0.936001718;0.251394838;0.371019453;0;0
9157;1853;-0.931119084;0.251394838;0.380296499;0;0
9161;1854;-0.939907849;0.242117822;0.361742467;0;0
9169;1855;-0.928189516;0.242117822;0.361254185;0;0
9178;1856;-0.9218420980000001;0.236258656;0.373949051;0;0
9178;1857;-0.927212954;0.235770389;0.365160316;0;0
9181;1858;-0.919889033;0.248953506;0.373949051;0;0
9187;1859;-0.916471183;0.244070873;0.381273031;0;0
9192;1860;-0.920865536;0.253347903;0.376878649;0;0
9196;1861;-0.911100268;0.271413654;0.365160316;0;0
9204;1862;-0.908658981;0.264577955;0.374437302;0;0
9206;1863;-0.901823282;0.263113171;0.349535853;0;0
9211;1864;-0.905729413;0.260671854;0.349535853;0;0
9218;1865;-0.9115885500000001;0.263113171;0.360765934;0;0
9223;1866;-0.91549468;0.267019272;0.362230718;0;0
9238;1867;-0.902311563;0.25578922;0.371019453;0;0
9238;1868;-0.911100268;0.253347903;0.364183784;0;0
9238;1869;-0.912565053;0.254812688;0.378343433;0;0
9243;1870;-0.917935967;0.252371371;0.364183784;0;0
9246;1871;-0.907682419;0.242606089;0.37346077;0;0
9251;1872;-0.900846779;0.250418335;0.365160316;0;0
9255;1873;-0.912565053;0.248953506;0.355395049;0;0
9260;1874;-0.905241132;0.240653023;0.365160316;0;0
9270;1875;-0.904264569;0.244070873;0.361742467;0;0
9270;1876;-0.916471183;0.245535657;0.361254185;0;0
9287;1877;-0.919400752;0.235770389;0.352465451;0;0
9287;1878;-0.919889033;0.240164772;0.339282334;0;0
9287;1879;-0.927212954;0.241629556;0.360765934;0;0
9294;1880;-0.9218420980000001;0.235770389;0.3558833;0;0
9294;1881;-0.919889033;0.247488722;0.3666251;0;0
9299;1882;-0.923306882;0.237235188;0.371995986;0;0
9304;1883;-0.9218420980000001;0.247000456;0.369066417;0;0
9309;1884;-0.925748169;0.245047405;0.38078475;0;0
9317;1885;-0.927212954;0.251883119;0.382737815;0;0
9320;1886;-0.927701235;0.253347903;0.367113352;0;0
9326;1887;-0.916959465;0.253836155;0.381273031;0;0
9329;1888;-0.928189516;0.253347903;0.368578136;0;0
9337;1889;-0.918424249;0.25578922;0.35930115;0;0
9339;1890;-0.924771667;0.260671854;0.377855182;0;0
9344;1891;-0.923795104;0.254324436;0.350512415;0;0
9351;1892;-0.913541615;0.249441773;0.356859833;0;0
9353;1893;-0.911100268;0.25578922;0.3666251;0;0
9359;1894;-0.923306882;0.26262489;0.373949051;0;0
9363;1895;-0.912565053;0.260671854;0.352465451;0;0
9373;1896;-0.912565053;0.256765753;0.364672035;0;0
9373;1897;-0.914029837;0.256277472;0.376390398;0;0
9387;1898;-0.911100268;0.26262489;0.375413865;0;0
9387;1899;-0.916959465;0.252371371;0.361742467;0;0
9392;1900;-0.915006399;0.260183573;0.37004295;0;0
9393;1901;-0.917447686;0.256277472;0.364672035;0;0
9398;1902;-0.9115885500000001;0.247976974;0.362718999;0;0
9406;1903;-0.9145181180000001;0.241141289;0.367113352;0;0
9414;1904;-0.919889033;0.238699973;0.372972518;0;0
9422;1905;-0.9081707;0.238699973;0.375413865;0;0
9422;1906;-0.916959465;0.237235188;0.378343433;0;0
9430;1907;-0.9115885500000001;0.230399504;0.393967867;0;0
9430;1908;-0.906217635;0.231864288;0.3949444;0;0
9435;1909;-0.9081707;0.233817339;0.367601633;0;0
9438;1910;-0.9081707;0.235770389;0.389573485;0;0
9443;1911;-0.907194197;0.24309434;0.375902116;0;0
9447;1912;-0.9081707;0.241629556;0.393479615;0;0
9453;1913;-0.907682419;0.253836155;0.385179132;0;0
9461;1914;-0.9096354840000001;0.257254004;0.374925584;0;0
9462;1915;-0.908658981;0.26653102;0.38078475;0;0
9469;1916;-0.916959465;0.265554488;0.374925584;0;0
9475;1917;-0.902311563;0.265066206;0.382737815;0;0
9479;1918;-0.9081707;0.264577955;0.383714348;0;0
9485;1919;-0.911100268;0.264577955;0.368089885;0;0
9490;1920;-0.920377314;0.261648387;0.372972518;0;0
9492;1921;-0.913541615;0.259695321;0.373949051;0;0
9497;1922;-0.910612047;0.267019272;0.365160316;0;0
9502;1923;-0.916959465;0.264089704;0.362230718;0;0
9509;1924;-0.912076831;0.254812688;0.339282334;0;0
9514;1925;-0.916471183;0.274343222;0.344164968;0;0
9520;1926;-0.922818601;0.259695321;0.340747118;0;0
9532;1927;-0.912076831;0.254324436;0.342700154;0;0
9532;1928;-0.923306882;0.247976974;0.360765934;0;0
9532;1929;-0.912076831;0.244559139;0.347094536;0;0
9537;1930;-0.910612047;0.245535657;0.361742467;0;0
9541;1931;-0.920865536;0.244559139;0.37346077;0;0
9547;1932;-0.919400752;0.237723455;0.363207251;0;0
9551;1933;-0.924283385;0.241141289;0.371995986;0;0
9558;1934;-0.915006399;0.239676505;0.353930235;0;0
9561;1935;-0.918424249;0.251394838;0.376390398;0;0
9566;1936;-0.905241132;0.258230537;0.375413865;0;0
9575;1937;-0.906705916;0.248953506;0.357836366;0;0
9576;1938;-0.910123765;0.264577955;0.367601633;0;0
9582;1939;-0.91549468;0.258718789;0.368578136;0;0
9586;1940;-0.909147203;0.243582606;0.372484267;0;0
9591;1941;-0.9218420980000001;0.245047405;0.37004295;0;0
9596;1942;-0.928677738;0.24309434;0.364183784;0;0
9601;1943;-0.930630803;0.245047405;0.368578136;0;0
9606;1944;-0.932095587;0.238211706;0.37004295;0;0
9611;1945;-0.935513437;0.237723455;0.363695502;0;0
9616;1946;-0.941372633;0.241629556;0.363695502;0;0
9623;1947;-0.935513437;0.240164772;0.370531201;0;0
9626;1948;-0.942349136;0.241141289;0.365160316;0;0
9631;1949;-0.941372633;0.236746922;0.356859833;0;0
9636;1950;-0.9418608550000001;0.244559139;0.370531201;0;0
9642;1951;-0.925259948;0.243582606;0.382249534;0;0
9645;1952;-0.929166019;0.243582606;0.384690851;0;0
9652;1953;-0.928189516;0.250418335;0.370531201;0;0
9663;1954;-0.917447686;0.247976974;0.361742467;0;0
9663;1955;-0.9267247320000001;0.24846524;0.372972518;0;0
9669;1956;-0.91891247;0.252371371;0.392014802;0;0
9674;1957;-0.912076831;0.254812688;0.375902116;0;0
9681;1958;-0.918424249;0.261160105;0.381761283;0;0
9681;1959;-0.906217635;0.26262489;0.375413865;0;0
9689;1960;-0.9081707;0.257254004;0.371019453;0;0
9691;1961;-0.912565053;0.262136638;0.368089885;0;0
9695;1962;-0.91549468;0.259695321;0.368578136;0;0
9699;1963;-0.919889033;0.251883119;0.359789401;0;0
9709;1964;-0.916959465;0.251883119;0.368578136;0;0
9709;1965;-0.916959465;0.251883119;0.368578136;0;0
9715;1966;-0.916959465;0.240653023;0.37004295;0;0
9726;1967;-0.912076831;0.255300939;0.369066417;0;0
9726;1968;-0.909147203;0.247488722;0.368578136;0;0
9730;1969;-0.92233032;0.245047405;0.368089885;0;0
9737;1970;-0.917935967;0.250418335;0.362718999;0;0
9739;1971;-0.915006399;0.248953506;0.362718999;0;0
9744;1972;-0.912565053;0.251394838;0.3558833;0;0
9755;1973;-0.920865536;0.240653023;0.357836366;0;0
9755;1974;-0.918424249;0.252371371;0.371995986;0;0
9763;1975;-0.910123765;0.254812688;0.354906768;0;0
9763;1976;-0.917935967;0.249441773;0.369554669;0;0
9769;1977;-0.918424249;0.258718789;0.372972518;0;0
9779;1978;-0.919889033;0.258230537;0.363207251;0;0
9779;1979;-0.907194197;0.264089704;0.372484267;0;0
9784;1980;-0.907194197;0.253836155;0.374437302;0;0
9788;1981;-0.9081707;0.255300939;0.378831714;0;0
9793;1982;-0.9096354840000001;0.257254004;0.367601633;0;0
9803;1983;-0.9115885500000001;0.251883119;0.365160316;0;0
9806;1984;-0.907194197;0.256765753;0.378831714;0;0
9812;1985;-0.902311563;0.258718789;0.359789401;0;0
9819;1986;-0.912076831;0.24651219;0.365648568;0;0
9819;1987;-0.918424249;0.255300939;0.370531201;0;0
9823;1988;-0.915982902;0.247488722;0.369066417;0;0
9828;1989;-0.916959465;0.261648387;0.368578136;0;0
9833;1990;-0.909147203;0.257742256;0.368578136;0;0
9838;1991;-0.920377314;0.257254004;0.361742467;0;0
9842;1992;-0.924771667;0.257742256;0.369554669;0;0
9855;1993;-0.915982902;0.252371371;0.351000667;0;0
9855;1994;-0.916959465;0.263601422;0.354906768;0;0
9857;1995;-0.925748169;0.26653102;0.357836366;0;0
9863;1996;-0.926236451;0.254812688;0.380296499;0;0
9875;1997;-0.9267247320000001;0.253347903;0.363207251;0;0
9875;1998;-0.92233032;0.257254004;0.372484267;0;0
9877;1999;-0.920865536;0.258718789;0.364183784;0;0
9885;2000;-0.923795104;0.247976974;0.374925584;0;0
9888;2001;-0.920865536;0.256765753;0.378831714;0;0
9892;2002;-0.930142581;0.244559139;0.374437302;0;0
9897;2003;-0.925748169;0.245047405;0.371019453;0;0
9909;2004;-0.916959465;0.257254004;0.375902116;0;0
9909;2005;-0.917447686;0.251883119;0.372972518;0;0
9917;2006;-0.912076831;0.249441773;0.381273031;0;0
9917;2007;-0.920377314;0.242117822;0.371019453;0;0
9922;2008;-0.917935967;0.247976974;0.353930235;0;0
9928;2009;-0.920865536;0.249930039;0.367113352;0;0
9932;2010;-0.920377314;0.250418335;0.365648568;0;0
9936;2011;-0.909147203;0.245535657;0.358324617;0;0
9942;2012;-0.914029837;0.247488722;0.375902116;0;0
9948;2013;-0.915006399;0.249441773;0.376878649;0;0
9959;2014;-0.904264569;0.248953506;0.374437302;0;0
9959;2015;-0.920377314;0.245047405;0.371019453;0;0
9965;2016;-0.915006399;0.252371371;0.372484267;0;0
9972;2017;-0.9081707;0.252371371;0.365648568;0;0
9976;2018;-0.916471183;0.253347903;0.369066417;0;0
9977;2019;-0.917447686;0.247976974;0.364183784;0;0
9981;2020;-0.92233032;0.254812688;0.374437302;0;0
9987;2021;-0.920865536;0.241141289;0.374437302;0;0
9991;2022;-0.923306882;0.242117822;0.379319966;0;0
10007;2023;-0.9267247320000001;0.249930039;0.363695502;0;0
10008;2024;-0.928189516;0.242117822;0.364183784;0;0
10008;2025;-0.913541615;0.239676505;0.374925584;0;0
10016;2026;-0.920865536;0.242606089;0.376390398;0;0
10016;2027;-0.920377314;0.229911238;0.377855182;0;0
10021;2028;-0.92233032;0.247000456;0.371995986;0;0
10025;2029;-0.912565053;0.239676505;0.390550017;0;0
10031;2030;-0.912565053;0.247976974;0.375902116;0;0
10036;2031;-0.906705916;0.261648387;0.3842026;0;0
10040;2032;-0.911100268;0.264089704;0.364672035;0;0
10048;2033;-0.9115885500000001;0.270925373;0.361254185;0;0
10051;2034;-0.914029837;0.267507523;0.376878649;0;0
10057;2035;-0.905729413;0.267995805;0.356859833;0;0
10067;2036;-0.910612047;0.267019272;0.349535853;0;0
10067;2037;-0.923795104;0.250418335;0.354906768;0;0
10096;2038;-0.909147203;0.247488722;0.357348084;0;0
10096;2039;-0.913541615;0.24651219;0.361742467;0;0
10096;2040;-0.912565053;0.255300939;0.374437302;0;0
10096;2041;-0.9096354840000001;0.249930039;0.356859833;0;0
10096;2042;-0.898405433;0.249441773;0.360765934;0;0
10100;2043;-0.909147203;0.238699973;0.363695502;0;0
10100;2044;-0.914029837;0.235770389;0.365160316;0;0
10104;2045;-0.915982902;0.251394838;0.376878649;0;0
10120;2046;-0.915982902;0.249930039;0.368578136;0;0
10120;2047;-0.917447686;0.250906587;0.365648568;0;0
10120;2048;-0.916471183;0.249930039;0.377855182;0;0
10214;2049;-0.905729413;0.25578922;0.374437302;0;0
10214;2050;-0.909147203;0.245047405;0.357836366;0;0
10214;2051;-0.917935967;0.261648387;0.352953732;0;0
10214;2052;-0.911100268;0.260183573;0.377855182;0;0
10214;2053;-0.923306882;0.253836155;0.362230718;0;0
10214;2054;-0.926236451;0.257254004;0.365160316;0;0
10214;2055;-0.925748169;0.251394838;0.378831714;0;0
10214;2056;-0.930630803;0.251394838;0.376878649;0;0
10214;2057;-0.927701235;0.254812688;0.378343433;0;0
10214;2058;-0.924771667;0.244559139;0.360765934;0;0
10214;2059;-0.927212954;0.252371371;0.372972518;0;0
10214;2060;-0.930142581;0.24651219;0.377855182;0;0
10214;2061;-0.925259948;0.247488722;0.372972518;0;0
10214;2062;-0.931119084;0.238211706;0.374925584;0;0
10214;2063;-0.917935967;0.254324436;0.372484267;0;0
10215;2064;-0.920377314;0.249441773;0.370531201;0;0
10215;2065;-0.915982902;0.250906587;0.356859833;0;0
10215;2066;-0.924283385;0.244559139;0.363207251;0;0
10220;2067;-0.91891247;0.248953506;0.364183784;0;0
10220;2068;-0.928189516;0.253836155;0.369066417;0;0
10225;2069;-0.918424249;0.247976974;0.385667384;0;0
10237;2070;-0.919889033;0.254324436;0.371995986;0;0
10237;2071;-0.916959465;0.256277472;0.368089885;0;0
10243;2072;-0.920377314;0.265554488;0.371019453;0;0
10243;2073;-0.920377314;0.265554488;0.371019453;0;0
10254;2074;-0.912565053;0.258230537;0.378831714;0;0
10254;2075;-0.911100268;0.260671854;0.373949051;0;0
10275;2076;-0.896940649;0.264577955;0.373949051;0;0
10275;2077;-0.906217635;0.261160105;0.369066417;0;0
10275;2078;-0.907194197;0.264577955;0.378831714;0;0
10275;2079;-0.908658981;0.253347903;0.368578136;0;0
10280;2080;-0.913541615;0.258718789;0.37004295;0;0
10293;2081;-0.917447686;0.252371371;0.360765934;0;0
10293;2082;-0.917935967;0.251394838;0.374925584;0;0
10293;2083;-0.9267247320000001;0.250418335;0.372484267;0;0
10298;2084;-0.9145181180000001;0.258718789;0.373949051;0;0
10303;2085;-0.9145181180000001;0.258718789;0.373949051;0;0
10320;2086;-0.919400752;0.243582606;0.362230718;0;0
10320;2087;-0.92233032;0.258718789;0.37004295;0;0
10320;2088;-0.930630803;0.247488722;0.367601633;0;0
10325;2089;-0.917447686;0.253347903;0.361254185;0;0
10338;2090;-0.916959465;0.251883119;0.365160316;0;0
10338;2091;-0.915982902;0.251394838;0.371995986;0;0
10338;2092;-0.913541615;0.261648387;0.364183784;0;0
10346;2093;-0.907682419;0.247976974;0.370531201;0;0
10363;2094;-0.907682419;0.244559139;0.373949051;0;0
10363;2095;-0.907194197;0.251883119;0.361742467;0;0
10363;2096;-0.914029837;0.247000456;0.365648568;0;0
10363;2097;-0.917935967;0.244559139;0.361254185;0;0
10379;2098;-0.909147203;0.243582606;0.365160316;0;0
10379;2099;-0.9081707;0.241629556;0.356859833;0;0
10379;2100;-0.915006399;0.250906587;0.383714348;0;0
10403;2101;-0.910123765;0.241629556;0.357348084;0;0
10403;2102;-0.923795104;0.238699973;0.379808217;0;0
10403;2103;-0.923795104;0.241629556;0.372484267;0;0
10403;2104;-0.927212954;0.252371371;0.37346077;0;0
10404;2105;-0.924771667;0.24846524;0.372972518;0;0
10427;2106;-0.9267247320000001;0.254324436;0.389085233;0;0
10427;2107;-0.927212954;0.253347903;0.370531201;0;0
10427;2108;-0.924771667;0.260183573;0.362718999;0;0
10427;2109;-0.917447686;0.253347903;0.357348084;0;0
10427;2110;-0.920865536;0.250418335;0.382737815;0;0
10456;2111;-0.909147203;0.259695321;0.373949051;0;0
10456;2112;-0.914029837;0.259695321;0.376878649;0;0
10456;2113;-0.918424249;0.254812688;0.351488918;0;0
10456;2114;-0.9145181180000001;0.265554488;0.364183784;0;0
10456;2115;-0.919889033;0.261160105;0.370531201;0;0
10456;2116;-0.916959465;0.249441773;0.365648568;0;0
10513;2117;-0.91891247;0.261160105;0.363695502;0;0
10513;2118;-0.912565053;0.257742256;0.372484267;0;0
10533;2119;-0.922818601;0.263601422;0.369554669;0;0
10533;2120;-0.919400752;0.261648387;0.361254185;0;0
10533;2121;-0.923306882;0.267507523;0.365648568;0;0
10533;2122;-0.920865536;0.248953506;0.374925584;0;0
10533;2123;-0.930142581;0.249930039;0.374925584;0;0
10533;2124;-0.920865536;0.248953506;0.351488918;0;0
10533;2125;-0.9267247320000001;0.245535657;0.371995986;0;0
10533;2126;-0.91549468;0.250418335;0.368578136;0;0
10533;2127;-0.914029837;0.240653023;0.365160316;0;0
10533;2128;-0.918424249;0.247000456;0.3842026;0;0
10533;2129;-0.916959465;0.244559139;0.367601633;0;0
10533;2130;-0.915982902;0.236258656;0.367601633;0;0
10533;2131;-0.916959465;0.248953506;0.372484267;0;0
10538;2132;-0.907682419;0.242606089;0.382249534;0;0
10544;2133;-0.915982902;0.250906587;0.358324617;0;0
10548;2134;-0.917935967;0.263113171;0.372972518;0;0
10560;2135;-0.91549468;0.253347903;0.369554669;0;0
10560;2136;-0.912565053;0.261160105;0.355395049;0;0
10560;2137;-0.91549468;0.25578922;0.372972518;0;0
10566;2138;-0.919889033;0.259695321;0.359789401;0;0
10580;2139;-0.920865536;0.253347903;0.367601633;0;0
10580;2140;-0.917935967;0.257254004;0.364672035;0;0
10594;2141;-0.917935967;0.257254004;0.364672035;0;0
10594;2142;-0.917447686;0.249441773;0.367601633;0;0
10594;2143;-0.911100268;0.24846524;0.364672035;0;0
10619;2144;-0.917935967;0.257254004;0.364672035;0;0
10620;2145;-0.9218420980000001;0.254324436;0.363207251;0;0
10620;2146;-0.91549468;0.247976974;0.375413865;0;0
10620;2147;-0.917935967;0.238699973;0.370531201;0;0
10620;2148;-0.91891247;0.247976974;0.352953732;0;0
10620;2149;-0.917935967;0.251883119;0.374437302;0;0
10624;2150;-0.91549468;0.251394838;0.38078475;0;0
10638;2151;-0.9145181180000001;0.247000456;0.37346077;0;0
10639;2152;-0.912076831;0.251394838;0.385179132;0;0
10639;2153;-0.912076831;0.257254004;0.373949051;0;0
10645;2154;-0.913541615;0.265554488;0.375413865;0;0
10650;2155;-0.906705916;0.273854971;0.368089885;0;0
10655;2156;-0.9145181180000001;0.26653102;0.361742467;0;0
10662;2157;-0.9115885500000001;0.261648387;0.38078475;0;0
10668;2158;-0.915982902;0.257742256;0.379808217;0;0
10673;2159;-0.91549468;0.263601422;0.368089885;0;0
10673;2160;-0.910612047;0.260183573;0.3558833;0;0
10679;2161;-0.914029837;0.26262489;0.368089885;0;0
10686;2162;-0.91891247;0.264089704;0.368578136;0;0
10693;2163;-0.919400752;0.254812688;0.374437302;0;0
10693;2164;-0.9145181180000001;0.257254004;0.372484267;0;0
10698;2165;-0.9115885500000001;0.257254004;0.363207251;0;0
10708;2166;-0.917935967;0.249441773;0.371995986;0;0
10708;2167;-0.914029837;0.254812688;0.369066417;0;0
10712;2168;-0.903288066;0.256277472;0.369554669;0;0
10717;2169;-0.916959465;0.268484056;0.38078475;0;0
10725;2170;-0.911100268;0.257254004;0.372484267;0;0
10733;2171;-0.92233032;0.265554488;0.359789401;0;0
10733;2172;-0.927212954;0.262136638;0.378831714;0;0
10741;2173;-0.920377314;0.263601422;0.364672035;0;0
10751;2174;-0.919400752;0.267507523;0.365648568;0;0
10751;2175;-0.927701235;0.258718789;0.380296499;0;0
10763;2176;-0.91891247;0.258230537;0.375413865;0;0
10763;2177;-0.916471183;0.264577955;0.365160316;0;0
10763;2178;-0.922818601;0.263113171;0.370531201;0;0
10767;2179;-0.919400752;0.253347903;0.368578136;0;0
10777;2180;-0.916959465;0.250418335;0.345629752;0;0
10777;2181;-0.916959465;0.250418335;0.345629752;0;0
10783;2182;-0.918424249;0.25578922;0.372484267;0;0
10791;2183;-0.923795104;0.254324436;0.376390398;0;0
10795;2184;-0.907682419;0.245047405;0.371995986;0;0
10797;2185;-0.906705916;0.247000456;0.388108701;0;0
10804;2186;-0.909147203;0.242117822;0.385667384;0;0
10807;2187;-0.906705916;0.240164772;0.370531201;0;0
10812;2188;-0.918424249;0.239676505;0.357836366;0;0
10816;2189;-0.924283385;0.247000456;0.370531201;0;0
10825;2190;-0.9218420980000001;0.255300939;0.370531201;0;0
10826;2191;-0.911100268;0.240164772;0.374437302;0;0
10831;2192;-0.919889033;0.25578922;0.358812869;0;0
10836;2193;-0.915006399;0.251883119;0.387620449;0;0
10842;2194;-0.905729413;0.258230537;0.377855182;0;0
10846;2195;-0.913541615;0.256277472;0.381273031;0;0
10851;2196;-0.915982902;0.264089704;0.375902116;0;0
10857;2197;-0.91891247;0.253836155;0.364672035;0;0
10861;2198;-0.912076831;0.265066206;0.376390398;0;0
10866;2199;-0.927212954;0.263601422;0.362230718;0;0
10882;2200;-0.915982902;0.259695321;0.367601633;0;0
10882;2201;-0.919889033;0.247976974;0.362718999;0;0
10882;2202;-0.93307215;0.249930039;0.363207251;0;0
10896;2203;-0.922818601;0.247976974;0.371995986;0;0
10896;2204;-0.924771667;0.245535657;0.375902116;0;0
10896;2205;-0.926236451;0.249441773;0.375413865;0;0
10902;2206;-0.916959465;0.244559139;0.378831714;0;0
10908;2207;-0.916959465;0.24309434;0.385667384;0;0
10913;2208;-0.907194197;0.251394838;0.378831714;0;0
10915;2209;-0.901823282;0.242117822;0.378831714;0;0
10921;2210;-0.904264569;0.259695321;0.381273031;0;0
10927;2211;-0.901335001;0.265554488;0.367601633;0;0
10940;2212;-0.898405433;0.270437121;0.371019453;0;0
10940;2213;-0.905241132;0.264577955;0.379319966;0;0
10940;2214;-0.906217635;0.259695321;0.363207251;0;0
10945;2215;-0.909147203;0.254324436;0.381273031;0;0
10962;2216;-0.913541615;0.258230537;0.376878649;0;0
10962;2217;-0.913541615;0.248953506;0.379808217;0;0
10963;2218;-0.916471183;0.244070873;0.375413865;0;0
10965;2219;-0.919889033;0.251394838;0.3842026;0;0
10976;2220;-0.928189516;0.255300939;0.375413865;0;0
10976;2221;-0.9267247320000001;0.244559139;0.375902116;0;0
10987;2222;-0.916959465;0.249441773;0.375413865;0;0
10987;2223;-0.923306882;0.24846524;0.358324617;0;0
10991;2224;-0.932583869;0.258230537;0.368089885;0;0
10997;2225;-0.918424249;0.251394838;0.350024134;0;0
11002;2226;-0.93307215;0.257742256;0.378831714;0;0
11004;2227;-0.925748169;0.25578922;0.363207251;0;0
11009;2228;-0.932095587;0.256277472;0.369554669;0;0
11014;2229;-0.924771667;0.254324436;0.362718999;0;0
11019;2230;-0.9218420980000001;0.263601422;0.376390398;0;0
11027;2231;-0.924283385;0.263113171;0.365648568;0;0
11032;2232;-0.9145181180000001;0.264089704;0.363207251;0;0
11037;2233;-0.912565053;0.255300939;0.365160316;0;0
11042;2234;-0.924771667;0.263601422;0.368578136;0;0
11044;2235;-0.908658981;0.254324436;0.374925584;0;0
11049;2236;-0.911100268;0.256277472;0.368578136;0;0
11054;2237;-0.908658981;0.258718789;0.365160316;0;0
11059;2238;-0.912076831;0.255300939;0.387620449;0;0
11092;2239;-0.907194197;0.252371371;0.37346077;0;0
11092;2240;-0.907682419;0.249930039;0.377855182;0;0
11092;2241;-0.905729413;0.252371371;0.368089885;0;0
11092;2242;-0.9081707;0.255300939;0.378831714;0;0
11092;2243;-0.910612047;0.244070873;0.369554669;0;0
11092;2244;-0.904264569;0.254812688;0.37004295;0;0
11095;2245;-0.908658981;0.253347903;0.383714348;0;0
11101;2246;-0.903288066;0.256765753;0.382737815;0;0
11105;2247;-0.906705916;0.250418335;0.376390398;0;0
11109;2248;-0.918424249;0.25578922;0.367113352;0;0
11124;2249;-0.905241132;0.260671854;0.376878649;0;0
11124;2250;-0.912076831;0.257254004;0.40226838;0;0
11124;2251;-0.912565053;0.258230537;0.365160316;0;0
11144;2252;-0.920865536;0.262136638;0.358324617;0;0
11144;2253;-0.920377314;0.252371371;0.367113352;0;0
11144;2254;-0.910612047;0.254812688;0.363695502;0;0
11144;2255;-0.925259948;0.254812688;0.364183784;0;0
11154;2256;-0.917935967;0.258230537;0.371995986;0;0
11154;2257;-0.918424249;0.253836155;0.362230718;0;0
11160;2258;-0.915982902;0.255300939;0.369554669;0;0
11163;2259;-0.91891247;0.254812688;0.362230718;0;0
11169;2260;-0.922818601;0.261160105;0.367113352;0;0
11176;2261;-0.916471183;0.257254004;0.352465451;0;0
11180;2262;-0.9115885500000001;0.257254004;0.367601633;0;0
11182;2263;-0.913541615;0.245047405;0.375902116;0;0
11191;2264;-0.9081707;0.254812688;0.358812869;0;0
11192;2265;-0.915006399;0.249930039;0.369066417;0;0
11197;2266;-0.915982902;0.250418335;0.371995986;0;0
11202;2267;-0.906217635;0.257742256;0.377855182;0;0
11207;2268;-0.911100268;0.270925373;0.367113352;0;0
11222;2269;-0.918424249;0.251883119;0.374437302;0;0
11222;2270;-0.92233032;0.264577955;0.365160316;0;0
11222;2271;-0.922818601;0.270925373;0.3666251;0;0
11227;2272;-0.910123765;0.25578922;0.362718999;0;0
11232;2273;-0.9115885500000001;0.26262489;0.372484267;0;0
11237;2274;-0.9145181180000001;0.251394838;0.368578136;0;0
11248;2275;-0.905729413;0.257254004;0.37004295;0;0
11248;2276;-0.917447686;0.264089704;0.364183784;0;0
11252;2277;-0.910612047;0.265554488;0.373949051;0;0
11257;2278;-0.920377314;0.263601422;0.352465451;0;0
11272;2279;-0.912076831;0.263113171;0.362230718;0;0
11272;2280;-0.912565053;0.25578922;0.382249534;0;0
11272;2281;-0.920865536;0.263113171;0.375902116;0;0
11276;2282;-0.917935967;0.253347903;0.357836366;0;0
11293;2283;-0.914029837;0.264089704;0.363207251;0;0
11293;2284;-0.9115885500000001;0.260183573;0.364672035;0;0
11294;2285;-0.924771667;0.253836155;0.368089885;0;0
11296;2286;-0.923306882;0.255300939;0.371019453;0;0
11302;2287;-0.916471183;0.251883119;0.3666251;0;0
11308;2288;-0.925259948;0.249930039;0.378343433;0;0
11318;2289;-0.925259948;0.249930039;0.378343433;0;0
11318;2290;-0.92233032;0.254324436;0.372484267;0;0
11321;2291;-0.916471183;0.260183573;0.369066417;0;0
11327;2292;-0.923795104;0.263601422;0.362718999;0;0
11331;2293;-0.918424249;0.256277472;0.371019453;0;0
11337;2294;-0.91891247;0.255300939;0.368578136;0;0
11341;2295;-0.919400752;0.256277472;0.365648568;0;0
11345;2296;-0.919400752;0.254324436;0.369066417;0;0
11350;2297;-0.916471183;0.257254004;0.3666251;0;0
11356;2298;-0.919400752;0.255300939;0.371019453;0;0
11361;2299;-0.929166019;0.245535657;0.368089885;0;0
11365;2300;-0.919889033;0.250906587;0.37346077;0;0
11374;2301;-0.928189516;0.256765753;0.363207251;0;0
11378;2302;-0.927701235;0.257254004;0.369066417;0;0
11380;2303;-0.926236451;0.256277472;0.374437302;0;0
11388;2304;-0.917935967;0.258230537;0.3558833;0;0
11389;2305;-0.928189516;0.241141289;0.368578136;0;0
11394;2306;-0.927212954;0.256765753;0.365160316;0;0
11400;2307;-0.924771667;0.252371371;0.370531201;0;0
11410;2308;-0.924771667;0.249441773;0.358812869;0;0
11410;2309;-0.916471183;0.251394838;0.364183784;0;0
11415;2310;-0.916471183;0.252371371;0.364672035;0;0
11419;2311;-0.912565053;0.26262489;0.365648568;0;0
11426;2312;-0.9081707;0.252371371;0.35930115;0;0
11430;2313;-0.916959465;0.260183573;0.35930115;0;0
11436;2314;-0.923306882;0.261160105;0.365160316;0;0
11439;2315;-0.914029837;0.25578922;0.364183784;0;0
11444;2316;-0.9115885500000001;0.251883119;0.378343433;0;0
11449;2317;-0.918424249;0.261648387;0.3558833;0;0
11458;2318;-0.915006399;0.245047405;0.353441983;0;0
11459;2319;-0.924283385;0.256277472;0.365160316;0;0
11464;2320;-0.91549468;0.260671854;0.362718999;0;0
11474;2321;-0.9218420980000001;0.257254004;0.369554669;0;0
11474;2322;-0.9145181180000001;0.247488722;0.364183784;0;0
11479;2323;-0.9218420980000001;0.264577955;0.374437302;0;0
11487;2324;-0.907194197;0.263113171;0.350024134;0;0
11489;2325;-0.920865536;0.267995805;0.369554669;0;0
11494;2326;-0.915006399;0.261648387;0.362230718;0;0
11498;2327;-0.919400752;0.268484056;0.360765934;0;0
11518;2328;-0.912565053;0.264089704;0.362718999;0;0
11518;2329;-0.907682419;0.275319785;0.359789401;0;0
11518;2330;-0.916471183;0.256277472;0.363695502;0;0
11518;2331;-0.909147203;0.261160105;0.379319966;0;0
11531;2332;-0.920377314;0.270925373;0.367601633;0;0
11531;2333;-0.920377314;0.264089704;0.371019453;0;0
11535;2334;-0.911100268;0.267019272;0.372484267;0;0
11538;2335;-0.920377314;0.267507523;0.361254185;0;0
11544;2336;-0.915006399;0.257254004;0.364183784;0;0
11549;2337;-0.9145181180000001;0.259695321;0.363207251;0;0
11554;2338;-0.919889033;0.264089704;0.373949051;0;0
11564;2339;-0.9145181180000001;0.259695321;0.374437302;0;0
11564;2340;-0.924283385;0.265554488;0.367113352;0;0
11576;2341;-0.920865536;0.26262489;0.363695502;0;0
11576;2342;-0.916471183;0.263601422;0.359789401;0;0
11580;2343;-0.915982902;0.258718789;0.364672035;0;0
11586;2344;-0.923306882;0.264577955;0.369554669;0;0
11588;2345;-0.91891247;0.264577955;0.361742467;0;0
11593;2346;-0.919400752;0.257254004;0.364183784;0;0
11598;2347;-0.912076831;0.257742256;0.360765934;0;0
11625;2348;-0.924283385;0.26262489;0.361742467;0;0
11625;2349;-0.908658981;0.258718789;0.362230718;0;0
11625;2350;-0.9267247320000001;0.263601422;0.375902116;0;0
11625;2351;-0.92233032;0.25578922;0.352953732;0;0
11625;2352;-0.914029837;0.258230537;0.37004295;0;0
11628;2353;-0.915982902;0.261648387;0.3666251;0;0
11633;2354;-0.920865536;0.26262489;0.358812869;0;0
11637;2355;-0.9145181180000001;0.257254004;0.369554669;0;0
11644;2356;-0.916959465;0.254324436;0.371019453;0;0
11649;2357;-0.912565053;0.260183573;0.376390398;0;0
11685;2358;-0.916959465;0.264577955;0.371995986;0;0
11686;2359;-0.912565053;0.256765753;0.369066417;0;0
11686;2360;-0.918424249;0.258230537;0.3666251;0;0
11686;2361;-0.9218420980000001;0.260183573;0.359789401;0;0
11686;2362;-0.920377314;0.260183573;0.363695502;0;0
11704;2363;-0.915982902;0.267019272;0.371019453;0;0
11704;2364;-0.909147203;0.258230537;0.362718999;0;0
11704;2365;-0.912565053;0.267507523;0.354906768;0;0
11704;2366;-0.916959465;0.261160105;0.380296499;0;0
11704;2367;-0.916959465;0.256765753;0.355395049;0;0
11704;2368;-0.920865536;0.254324436;0.362230718;0;0
11716;2369;-0.91891247;0.251394838;0.367113352;0;0
11716;2370;-0.91549468;0.254324436;0.364672035;0;0
11716;2371;-0.920865536;0.253347903;0.375413865;0;0
11726;2372;-0.91549468;0.248953506;0.378831714;0;0
11735;2373;-0.911100268;0.257254004;0.375413865;0;0
11735;2374;-0.9145181180000001;0.258230537;0.370531201;0;0
11735;2375;-0.917935967;0.253836155;0.364183784;0;0
11745;2376;-0.9115885500000001;0.262136638;0.375413865;0;0
11746;2377;-0.91891247;0.256277472;0.369066417;0;0
11751;2378;-0.9145181180000001;0.256765753;0.363207251;0;0
11777;2379;-0.91891247;0.262136638;0.364183784;0;0
11777;2380;-0.9145181180000001;0.269460589;0.352953732;0;0
11777;2381;-0.910123765;0.265554488;0.3343997;0;0
11777;2382;-0.912076831;0.258718789;0.367113352;0;0
11777;2383;-0.919400752;0.26994884;0.351000667;0;0
11787;2384;-0.91549468;0.253836155;0.368578136;0;0
11788;2385;-0.9218420980000001;0.254812688;0.367113352;0;0
11793;2386;-0.929166019;0.247976974;0.374925584;0;0
11796;2387;-0.9267247320000001;0.250906587;0.361254185;0;0
11801;2388;-0.927701235;0.24651219;0.364672035;0;0
11813;2389;-0.920865536;0.261160105;0.359789401;0;0
11813;2390;-0.919400752;0.253347903;0.358324617;0;0
11816;2391;-0.926236451;0.256277472;0.361254185;0;0
11822;2392;-0.915982902;0.252371371;0.365160316;0;0
11830;2393;-0.917935967;0.253836155;0.353441983;0;0
11830;2394;-0.919400752;0.263601422;0.358812869;0;0
11836;2395;-0.9218420980000001;0.255300939;0.365648568;0;0
11845;2396;-0.917935967;0.259695321;0.355395049;0;0
11847;2397;-0.917935967;0.259695321;0.355395049;0;0
11855;2398;-0.924283385;0.26262489;0.363207251;0;0
11855;2399;-0.91891247;0.262136638;0.364183784;0;0
11869;2400;-0.920865536;0.251883119;0.367113352;0;0
11876;2401;-0.918424249;0.251883119;0.375413865;0;0
11877;2402;-0.920377314;0.251883119;0.35930115;0;0
11877;2403;-0.923306882;0.253347903;0.363207251;0;0
11884;2404;-0.925748169;0.253836155;0.352953732;0;0
11895;2405;-0.923306882;0.245047405;0.357348084;0;0
11895;2406;-0.9218420980000001;0.254812688;0.369066417;0;0
11895;2407;-0.920377314;0.256765753;0.372484267;0;0
11908;2408;-0.925748169;0.248953506;0.363695502;0;0
11908;2409;-0.915982902;0.255300939;0.353441983;0;0
11915;2410;-0.927212954;0.250906587;0.34855932;0;0
11915;2411;-0.919889033;0.259695321;0.358324617;0;0
11925;2412;-0.91891247;0.261160105;0.358324617;0;0
11925;2413;-0.919400752;0.270437121;0.354906768;0;0
11944;2414;-0.919889033;0.26653102;0.38078475;0;0
11944;2415;-0.915982902;0.263601422;0.364183784;0;0
11944;2416;-0.914029837;0.258230537;0.363207251;0;0
11944;2417;-0.914029837;0.26262489;0.378831714;0;0
11981;2418;-0.9115885500000001;0.257254004;0.362718999;0;0
11981;2419;-0.917447686;0.259695321;0.351977199;0;0
11981;2420;-0.919400752;0.267019272;0.358812869;0;0
11981;2421;-0.915982902;0.260671854;0.356859833;0;0
11981;2422;-0.912565053;0.256765753;0.363695502;0;0
11981;2423;-0.918424249;0.250418335;0.373949051;0;0
11981;2424;-0.909147203;0.260183573;0.372972518;0;0
11995;2425;-0.911100268;0.255300939;0.369066417;0;0
11995;2426;-0.917935967;0.254812688;0.352953732;0;0
11995;2427;-0.910123765;0.261648387;0.375902116;0;0
12005;2428;-0.912076831;0.258230537;0.37004295;0;0
12006;2429;-0.9115885500000001;0.261648387;0.363207251;0;0
12018;2430;-0.906705916;0.26262489;0.370531201;0;0
12018;2431;-0.910123765;0.262136638;0.367113352;0;0
12025;2432;-0.908658981;0.253347903;0.358324617;0;0
12025;2433;-0.917447686;0.260671854;0.360765934;0;0
12031;2434;-0.911100268;0.263113171;0.35930115;0;0
12036;2435;-0.918424249;0.267995805;0.350024134;0;0
12045;2436;-0.9081707;0.257254004;0.35930115;0;0
12045;2437;-0.91549468;0.254324436;0.371019453;0;0
12052;2438;-0.917935967;0.257742256;0.374925584;0;0
12063;2439;-0.928189516;0.257254004;0.372972518;0;0
12063;2440;-0.927701235;0.253347903;0.356859833;0;0
12063;2441;-0.919400752;0.257742256;0.351000667;0;0
12069;2442;-0.9267247320000001;0.265066206;0.355395049;0;0
12087;2443;-0.917935967;0.252371371;0.372484267;0;0
12087;2444;-0.91891247;0.250906587;0.3558833;0;0
12087;2445;-0.919889033;0.256765753;0.357348084;0;0
12087;2446;-0.91549468;0.255300939;0.369554669;0;0
12093;2447;-0.9145181180000001;0.251394838;0.382737815;0;0
12106;2448;-0.918424249;0.25578922;0.361254185;0;0
12106;2449;-0.9145181180000001;0.255300939;0.362718999;0;0
12110;2450;-0.917447686;0.254324436;0.371019453;0;0
12116;2451;-0.924283385;0.260183573;0.374925584;0;0
12116;2452;-0.914029837;0.258718789;0.344164968;0;0
12122;2453;-0.920865536;0.249930039;0.357348084;0;0
12126;2454;-0.920865536;0.255300939;0.354906768;0;0
12131;2455;-0.919889033;0.254812688;0.375413865;0;0
12136;2456;-0.910612047;0.253836155;0.362230718;0;0
12152;2457;-0.9145181180000001;0.260671854;0.355395049;0;0
12152;2458;-0.918424249;0.263113171;0.369066417;0;0
12179;2459;-0.908658981;0.256277472;0.364183784;0;0
12179;2460;-0.918424249;0.253836155;0.353441983;0;0
12179;2461;-0.922818601;0.258230537;0.357836366;0;0
12179;2462;-0.907682419;0.254812688;0.365160316;0;0
12179;2463;-0.925259948;0.242117822;0.371019453;0;0
12179;2464;-0.923795104;0.256277472;0.349535853;0;0
12190;2465;-0.9267247320000001;0.249441773;0.361742467;0;0
12190;2466;-0.941372633;0.258230537;0.350024134;0;0
12207;2467;-0.916471183;0.253836155;0.34514147;0;0
12207;2468;-0.92233032;0.24651219;0.3558833;0;0
12207;2469;-0.925748169;0.261160105;0.346606284;0;0
12208;2470;-0.93307215;0.251394838;0.350512415;0;0
12219;2471;-0.917935967;0.257254004;0.347582787;0;0
12219;2472;-0.920865536;0.254324436;0.352953732;0;0
12224;2473;-0.9218420980000001;0.260183573;0.336841017;0;0
12236;2474;-0.915006399;0.25578922;0.362230718;0;0
12238;2475;-0.916471183;0.254812688;0.357348084;0;0
12238;2476;-0.911100268;0.249930039;0.342211902;0;0
12244;2477;-0.912565053;0.24846524;0.350024134;0;0
12253;2478;-0.91549468;0.251394838;0.3558833;0;0
12253;2479;-0.917935967;0.242117822;0.342700154;0;0
12258;2480;-0.910612047;0.253347903;0.353441983;0;0
12264;2481;-0.913541615;0.248953506;0.359789401;0;0
12265;2482;-0.914029837;0.252371371;0.355395049;0;0
12269;2483;-0.914029837;0.256765753;0.351000667;0;0
12274;2484;-0.904264569;0.253836155;0.355395049;0;0
12282;2485;-0.9115885500000001;0.247976974;0.350512415;0;0
12289;2486;-0.920377314;0.252371371;0.359789401;0;0
12296;2487;-0.926236451;0.257254004;0.356859833;0;0
12296;2488;-0.918424249;0.258718789;0.374925584;0;0
12304;2489;-0.9218420980000001;0.253347903;0.343676686;0;0
12308;2490;-0.917935967;0.248953506;0.3558833;0;0
12309;2491;-0.920865536;0.247976974;0.353441983;0;0
12314;2492;-0.920865536;0.257254004;0.362718999;0;0
12320;2493;-0.919889033;0.25578922;0.340747118;0;0
12324;2494;-0.912565053;0.256765753;0.358812869;0;0
12329;2495;-0.919889033;0.247976974;0.352465451;0;0
12334;2496;-0.919400752;0.247488722;0.352465451;0;0
12340;2497;-0.916471183;0.250418335;0.345629752;0;0
12344;2498;-0.916959465;0.256765753;0.355395049;0;0
12349;2499;-0.912076831;0.259695321;0.353441983;0;0
12353;2500;-0.9115885500000001;0.254812688;0.331470102;0;0
12358;2501;-0.915982902;0.258718789;0.336352736;0;0
12363;2502;-0.915982902;0.25578922;0.351488918;0;0
12368;2503;-0.915982902;0.261160105;0.350512415;0;0
12374;2504;-0.917447686;0.260183573;0.345629752;0;0
12378;2505;-0.920865536;0.262136638;0.367601633;0;0
12383;2506;-0.924283385;0.256765753;0.350024134;0;0
12390;2507;-0.929166019;0.248953506;0.348071069;0;0
12393;2508;-0.9218420980000001;0.248953506;0.346118003;0;0
12398;2509;-0.928677738;0.24846524;0.351000667;0;0
12403;2510;-0.920377314;0.250418335;0.367601633;0;0
12408;2511;-0.9267247320000001;0.257742256;0.356371552;0;0
12413;2512;-0.928189516;0.263113171;0.362230718;0;0
12418;2513;-0.919889033;0.255300939;0.345629752;0;0
12423;2514;-0.920377314;0.253836155;0.34855932;0;0
12428;2515;-0.920865536;0.250906587;0.350512415;0;0
12433;2516;-0.915982902;0.250418335;0.361254185;0;0
12437;2517;-0.912076831;0.249441773;0.347582787;0;0
12443;2518;-0.915982902;0.253836155;0.363207251;0;0
12447;2519;-0.918424249;0.248953506;0.359789401;0;0
12457;2520;-0.918424249;0.260183573;0.332934886;0;0
12458;2521;-0.916471183;0.261648387;0.352953732;0;0
12463;2522;-0.917447686;0.250418335;0.353441983;0;0
12468;2523;-0.910612047;0.267019272;0.351000667;0;0
12472;2524;-0.908658981;0.256277472;0.357348084;0;0
12477;2525;-0.917935967;0.258718789;0.341723651;0;0
12482;2526;-0.913541615;0.265066206;0.340258837;0;0
12487;2527;-0.9145181180000001;0.261160105;0.351977199;0;0
12492;2528;-0.918424249;0.255300939;0.34855932;0;0
12497;2529;-0.923795104;0.265066206;0.352465451;0;0
12502;2530;-0.925259948;0.267995805;0.352953732;0;0
12563;2531;-0.9316073660000001;0.255300939;0.346606284;0;0
12564;2532;-0.919889033;0.253836155;0.336841017;0;0
12564;2533;-0.924283385;0.247976974;0.362230718;0;0
12564;2534;-0.928677738;0.241141289;0.348071069;0;0
12564;2535;-0.9218420980000001;0.253836155;0.341723651;0;0
12565;2536;-0.923795104;0.247488722;0.363207251;0;0
12565;2537;-0.920865536;0.250906587;0.3558833;0;0
12565;2538;-0.907682419;0.247976974;0.364672035;0;0
12565;2539;-0.911100268;0.240653023;0.358812869;0;0
12565;2540;-0.913541615;0.255300939;0.351000667;0;0
12566;2541;-0.910123765;0.257254004;0.356859833;0;0
12566;2542;-0.901823282;0.264577955;0.361254185;0;0
12566;2543;-0.9081707;0.262136638;0.355395049;0;0
12639;2544;-0.911100268;0.267507523;0.358812869;0;0
12639;2545;-0.9115885500000001;0.257254004;0.341723651;0;0
12639;2546;-0.910612047;0.268484056;0.344164968;0;0
12640;2547;-0.91549468;0.248953506;0.339282334;0;0
12643;2548;-0.919400752;0.251883119;0.358812869;0;0
12644;2549;-0.9267247320000001;0.255300939;0.358324617;0;0
12644;2550;-0.92233032;0.242117822;0.357836366;0;0
12644;2551;-0.926236451;0.251394838;0.354906768;0;0
12644;2552;-0.923306882;0.243582606;0.370531201;0;0
12644;2553;-0.919889033;0.26653102;0.341235369;0;0
12645;2554;-0.920865536;0.25578922;0.344653219;0;0
12645;2555;-0.924771667;0.260183573;0.34855932;0;0
12645;2556;-0.9267247320000001;0.25578922;0.34514147;0;0
12645;2557;-0.919400752;0.249930039;0.339282334;0;0
12646;2558;-0.917447686;0.247976974;0.355395049;0;0
12646;2559;-0.929166019;0.249930039;0.345629752;0;0
12653;2560;-0.915982902;0.250418335;0.350024134;0;0
12657;2561;-0.923306882;0.261648387;0.3558833;0;0
12666;2562;-0.928677738;0.265554488;0.340258837;0;0
12666;2563;-0.92233032;0.261160105;0.34514147;0;0
12677;2564;-0.920377314;0.258718789;0.333911419;0;0
12677;2565;-0.923795104;0.264577955;0.357836366;0;0
12687;2566;-0.92233032;0.265066206;0.338794053;0;0
12687;2567;-0.916959465;0.263601422;0.358812869;0;0
12706;2568;-0.924283385;0.24651219;0.346606284;0;0
12707;2569;-0.917935967;0.250906587;0.349535853;0;0
12707;2570;-0.919400752;0.254812688;0.351000667;0;0
12707;2571;-0.920377314;0.250906587;0.367601633;0;0
12715;2572;-0.91549468;0.249441773;0.353441983;0;0
12715;2573;-0.924283385;0.249441773;0.340747118;0;0
12721;2574;-0.919400752;0.258718789;0.361254185;0;0
12724;2575;-0.919889033;0.256765753;0.355395049;0;0
12744;2576;-0.917935967;0.258718789;0.357348084;0;0
12752;2577;-0.916959465;0.257254004;0.350024134;0;0
12752;2578;-0.915982902;0.267019272;0.346606284;0;0
12753;2579;-0.920865536;0.263113171;0.34855932;0;0
12753;2580;-0.913541615;0.253347903;0.364183784;0;0
12759;2581;-0.919889033;0.255300939;0.364672035;0;0
12759;2582;-0.917447686;0.244559139;0.342211902;0;0
12776;2583;-0.9218420980000001;0.255300939;0.359789401;0;0
12777;2584;-0.9218420980000001;0.253347903;0.342211902;0;0
12777;2585;-0.912076831;0.252371371;0.348071069;0;0
12789;2586;-0.926236451;0.248953506;0.342211902;0;0
12789;2587;-0.916471183;0.254812688;0.357348084;0;0
12790;2588;-0.930142581;0.245535657;0.357836366;0;0
12796;2589;-0.931119084;0.254812688;0.349535853;0;0
12809;2590;-0.925259948;0.260183573;0.357348084;0;0
12810;2591;-0.927212954;0.25578922;0.362230718;0;0
12811;2592;-0.933560371;0.251883119;0.360765934;0;0
12827;2593;-0.9218420980000001;0.249930039;0.357348084;0;0
12829;2594;-0.929166019;0.250418335;0.354906768;0;0
12829;2595;-0.918424249;0.252371371;0.347094536;0;0
12830;2596;-0.928677738;0.252371371;0.361254185;0;0
12843;2597;-0.923306882;0.253347903;0.355395049;0;0
12844;2598;-0.919400752;0.256765753;0.362230718;0;0
12844;2599;-0.927701235;0.262136638;0.333911419;0;0
12856;2600;-0.925259948;0.256277472;0.35930115;0;0
12857;2601;-0.9145181180000001;0.265554488;0.356371552;0;0
12874;2602;-0.915006399;0.26262489;0.343676686;0;0
12875;2603;-0.915982902;0.262136638;0.345629752;0;0
12875;2604;-0.917935967;0.26994884;0.35930115;0;0
12876;2605;-0.923306882;0.258718789;0.349535853;0;0
12890;2606;-0.915982902;0.259695321;0.350024134;0;0
12890;2607;-0.917935967;0.258230537;0.349535853;0;0
12890;2608;-0.9096354840000001;0.26262489;0.363695502;0;0
12895;2609;-0.918424249;0.257742256;0.344164968;0;0
12907;2610;-0.926236451;0.250418335;0.355395049;0;0
12908;2611;-0.918424249;0.251883119;0.350512415;0;0
12908;2612;-0.930630803;0.260671854;0.347094536;0;0
12913;2613;-0.926236451;0.268484056;0.352953732;0;0
12929;2614;-0.918424249;0.255300939;0.363207251;0;0
12930;2615;-0.924283385;0.253347903;0.34514147;0;0
12930;2616;-0.917447686;0.260183573;0.341723651;0;0
12935;2617;-0.916471183;0.262136638;0.35930115;0;0
12939;2618;-0.905729413;0.261160105;0.34855932;0;0
12961;2619;-0.913541615;0.257254004;0.33781752;0;0
12964;2620;-0.903776348;0.257742256;0.340258837;0;0
12964;2621;-0.918424249;0.262136638;0.357348084;0;0
12965;2622;-0.907682419;0.251883119;0.360765934;0;0
12965;2623;-0.910612047;0.256277472;0.352465451;0;0
12978;2624;-0.903776348;0.261160105;0.362230718;0;0
12978;2625;-0.9145181180000001;0.257254004;0.357836366;0;0
12978;2626;-0.909147203;0.257742256;0.37346077;0;0
12993;2627;-0.922818601;0.251883119;0.358324617;0;0
12994;2628;-0.920865536;0.255300939;0.341723651;0;0
12994;2629;-0.920377314;0.257254004;0.33781752;0;0
12998;2630;-0.925748169;0.249441773;0.352465451;0;0
13009;2631;-0.919889033;0.247976974;0.356859833;0;0
13009;2632;-0.9267247320000001;0.250906587;0.347582787;0;0
13027;2633;-0.925748169;0.249930039;0.361742467;0;0
13027;2634;-0.932095587;0.249930039;0.356859833;0;0
13028;2635;-0.925259948;0.244070873;0.347094536;0;0
13040;2636;-0.926236451;0.24651219;0.361254185;0;0
13040;2637;-0.92233032;0.247976974;0.345629752;0;0
13040;2638;-0.923795104;0.250906587;0.356371552;0;0
13041;2639;-0.92233032;0.25578922;0.37346077;0;0
13045;2640;-0.91891247;0.253836155;0.343676686;0;0
13051;2641;-0.906705916;0.256765753;0.375413865;0;0
13055;2642;-0.9096354840000001;0.261648387;0.358812869;0;0
13076;2643;-0.910612047;0.247488722;0.351000667;0;0
13076;2644;-0.907682419;0.256277472;0.354906768;0;0
13077;2645;-0.906705916;0.24651219;0.362718999;0;0
13077;2646;-0.914029837;0.258718789;0.367113352;0;0
13087;2647;-0.916959465;0.24651219;0.352465451;0;0
13087;2648;-0.906705916;0.25578922;0.349535853;0;0
13099;2649;-0.909147203;0.254812688;0.344653219;0;0
13100;2650;-0.920377314;0.251883119;0.351000667;0;0
13101;2651;-0.903288066;0.263113171;0.341723651;0;0
13123;2652;-0.91549468;0.25578922;0.351977199;0;0
13124;2653;-0.911100268;0.255300939;0.341723651;0;0
13125;2654;-0.925259948;0.254324436;0.352465451;0;0
13125;2655;-0.9096354840000001;0.256765753;0.356371552;0;0
13125;2656;-0.920377314;0.250906587;0.350512415;0;0
13137;2657;-0.92233032;0.253836155;0.333423167;0;0
13138;2658;-0.9145181180000001;0.257254004;0.34514147;0;0
13155;2659;-0.935513437;0.258718789;0.349535853;0;0
13155;2660;-0.925259948;0.262136638;0.358324617;0;0
13156;2661;-0.924283385;0.252371371;0.352465451;0;0
13156;2662;-0.927701235;0.25578922;0.351000667;0;0
13178;2663;-0.925748169;0.254324436;0.365648568;0;0
13178;2664;-0.924771667;0.257742256;0.34855932;0;0
13178;2665;-0.930142581;0.255300939;0.332446635;0;0
13179;2666;-0.927212954;0.255300939;0.335376203;0;0
13179;2667;-0.918424249;0.265554488;0.350512415;0;0
13189;2668;-0.918424249;0.26262489;0.352465451;0;0
13189;2669;-0.919889033;0.264577955;0.35930115;0;0
13201;2670;-0.91891247;0.257254004;0.364183784;0;0
13201;2671;-0.914029837;0.262136638;0.342700154;0;0
13214;2672;-0.918424249;0.261648387;0.356371552;0;0
13215;2673;-0.923795104;0.261160105;0.341723651;0;0
13215;2674;-0.91891247;0.253836155;0.353930235;0;0
13221;2675;-0.9218420980000001;0.254324436;0.346606284;0;0
13227;2676;-0.924283385;0.24846524;0.365160316;0;0
13231;2677;-0.92233032;0.247488722;0.348071069;0;0
13244;2678;-0.919400752;0.248953506;0.352465451;0;0
13245;2679;-0.918424249;0.251883119;0.336841017;0;0
13245;2680;-0.920377314;0.249930039;0.350512415;0;0
13249;2681;-0.925259948;0.244559139;0.356371552;0;0
13255;2682;-0.9218420980000001;0.245047405;0.345629752;0;0
13267;2683;-0.905241132;0.261160105;0.346118003;0;0
13267;2684;-0.922818601;0.247488722;0.351977199;0;0
13277;2685;-0.919400752;0.252371371;0.352465451;0;0
13278;2686;-0.916959465;0.251394838;0.353930235;0;0
13278;2687;-0.923306882;0.25578922;0.361742467;0;0
13294;2688;-0.923795104;0.249930039;0.343676686;0;0
13295;2689;-0.92233032;0.247488722;0.353930235;0;0
13296;2690;-0.9267247320000001;0.253347903;0.353441983;0;0
13305;2691;-0.916959465;0.252371371;0.344653219;0;0
13305;2692;-0.9145181180000001;0.251883119;0.360765934;0;0
13316;2693;-0.919889033;0.253347903;0.341235369;0;0
13316;2694;-0.9145181180000001;0.248953506;0.3558833;0;0
13323;2695;-0.917935967;0.249930039;0.353930235;0;0
13323;2696;-0.916959465;0.25578922;0.352953732;0;0
13328;2697;-0.911100268;0.254324436;0.367113352;0;0
13335;2698;-0.920865536;0.253836155;0.350024134;0;0
13341;2699;-0.915006399;0.252371371;0.360765934;0;0
13342;2700;-0.913541615;0.249441773;0.356371552;0;0
13349;2701;-0.922818601;0.254324436;0.346118003;0;0
13357;2702;-0.9145181180000001;0.256765753;0.349535853;0;0
13357;2703;-0.915982902;0.247488722;0.349535853;0;0
13378;2704;-0.91891247;0.248953506;0.358324617;0;0
13379;2705;-0.925748169;0.250906587;0.350024134;0;0
13380;2706;-0.923306882;0.256277472;0.340258837;0;0
13380;2707;-0.907682419;0.249441773;0.356371552;0;0
13407;2708;-0.91891247;0.258230537;0.343676686;0;0
13407;2709;-0.910123765;0.256277472;0.37004295;0;0
13408;2710;-0.913541615;0.262136638;0.3558833;0;0
13408;2711;-0.923795104;0.259695321;0.324146122;0;0
13408;2712;-0.918424249;0.261160105;0.348071069;0;0
13422;2713;-0.911100268;0.257742256;0.341723651;0;0
13422;2714;-0.916471183;0.257254004;0.348071069;0;0
13423;2715;-0.928677738;0.259695321;0.369554669;0;0
13424;2716;-0.920377314;0.261160105;0.353930235;0;0
13444;2717;-0.911100268;0.253347903;0.353930235;0;0
13444;2718;-0.918424249;0.264577955;0.363207251;0;0
13444;2719;-0.91549468;0.258230537;0.347094536;0;0
13445;2720;-0.910123765;0.257742256;0.353441983;0;0
13454;2721;-0.916959465;0.25578922;0.348071069;0;0
13471;2722;-0.922818601;0.249441773;0.357836366;0;0
13471;2723;-0.924283385;0.261648387;0.347094536;0;0
13472;2724;-0.9267247320000001;0.255300939;0.350512415;0;0
13472;2725;-0.919889033;0.264089704;0.367113352;0;0
13472;2726;-0.918424249;0.256765753;0.357348084;0;0
13478;2727;-0.9218420980000001;0.25578922;0.356371552;0;0
13504;2728;-0.922818601;0.247976974;0.358812869;0;0
13509;2729;-0.912076831;0.251883119;0.344164968;0;0
13511;2730;-0.920377314;0.24846524;0.356371552;0;0
13512;2731;-0.915006399;0.263601422;0.361742467;0;0
13512;2732;-0.92233032;0.26262489;0.350512415;0;0
13512;2733;-0.9115885500000001;0.255300939;0.356859833;0;0
13528;2734;-0.912565053;0.261160105;0.341235369;0;0
13528;2735;-0.919889033;0.251883119;0.359789401;0;0
13529;2736;-0.915006399;0.251883119;0.376878649;0;0
13529;2737;-0.907194197;0.258230537;0.349535853;0;0
13537;2738;-0.925259948;0.261648387;0.338305801;0;0
13537;2739;-0.910612047;0.259695321;0.3558833;0;0
13555;2740;-0.924283385;0.255300939;0.346606284;0;0
13555;2741;-0.91891247;0.260671854;0.343676686;0;0
13556;2742;-0.920865536;0.253836155;0.341723651;0;0
13556;2743;-0.925748169;0.247488722;0.34855932;0;0
13563;2744;-0.932095587;0.249930039;0.338305801;0;0
13564;2745;-0.927212954;0.251883119;0.347582787;0;0
13571;2746;-0.925259948;0.24846524;0.362230718;0;0
13576;2747;-0.928189516;0.253836155;0.3558833;0;0
13590;2748;-0.917935967;0.238699973;0.364183784;0;0
13592;2749;-0.916959465;0.249441773;0.361742467;0;0
13592;2750;-0.916959465;0.24651219;0.354906768;0;0
13597;2751;-0.917447686;0.244559139;0.367601633;0;0
13607;2752;-0.911100268;0.247976974;0.376878649;0;0
13607;2753;-0.911100268;0.237723455;0.3666251;0;0
13613;2754;-0.913541615;0.265066206;0.361254185;0;0
13614;2755;-0.914029837;0.267995805;0.357348084;0;0
13619;2756;-0.9145181180000001;0.261160105;0.350512415;0;0
13631;2757;-0.914029837;0.253347903;0.347582787;0;0
13632;2758;-0.907194197;0.261648387;0.359789401;0;0
13684;2759;-0.915982902;0.260671854;0.365648568;0;0
13687;2760;-0.925748169;0.254812688;0.361254185;0;0
13687;2761;-0.922818601;0.244559139;0.357348084;0;0
13687;2762;-0.925259948;0.249930039;0.368089885;0;0
13688;2763;-0.911100268;0.253836155;0.358812869;0;0
13688;2764;-0.915006399;0.254324436;0.352465451;0;0
13689;2765;-0.917447686;0.249441773;0.350512415;0;0
13689;2766;-0.909147203;0.260183573;0.367601633;0;0
13689;2767;-0.9145181180000001;0.258718789;0.346606284;0;0
13689;2768;-0.92233032;0.250418335;0.346606284;0;0
13690;2769;-0.927212954;0.253836155;0.341723651;0;0
13690;2770;-0.9145181180000001;0.25578922;0.353441983;0;0
13700;2771;-0.925748169;0.24846524;0.351488918;0;0
13700;2772;-0.927701235;0.253347903;0.349535853;0;0
13722;2773;-0.917935967;0.258230537;0.339770585;0;0
13723;2774;-0.928189516;0.255300939;0.352465451;0;0
13723;2775;-0.919400752;0.257742256;0.365648568;0;0
13723;2776;-0.919400752;0.250418335;0.349535853;0;0
13723;2777;-0.916959465;0.251883119;0.356859833;0;0
13728;2778;-0.912565053;0.25578922;0.354906768;0;0
13738;2779;-0.92233032;0.260183573;0.354906768;0;0
13743;2780;-0.917935967;0.247000456;0.361742467;0;0
13743;2781;-0.914029837;0.24846524;0.350512415;0;0
13747;2782;-0.917447686;0.247488722;0.343676686;0;0
13753;2783;-0.927212954;0.248953506;0.341235369;0;0
13769;2784;-0.9115885500000001;0.253347903;0.361742467;0;0
13770;2785;-0.915982902;0.245047405;0.355395049;0;0
13770;2786;-0.917935967;0.249441773;0.356859833;0;0
13780;2787;-0.91549468;0.258718789;0.3666251;0;0
13781;2788;-0.915006399;0.252371371;0.350024134;0;0
13785;2789;-0.9115885500000001;0.260671854;0.351000667;0;0
13793;2790;-0.916471183;0.261160105;0.339282334;0;0
13793;2791;-0.916471183;0.256765753;0.367113352;0;0
13801;2792;-0.92233032;0.260183573;0.361254185;0;0
13806;2793;-0.913541615;0.254812688;0.353930235;0;0
13807;2794;-0.9145181180000001;0.253836155;0.352953732;0;0
13812;2795;-0.91891247;0.258230537;0.34855932;0;0
13823;2796;-0.917447686;0.267019272;0.364183784;0;0
13823;2797;-0.925748169;0.260183573;0.357836366;0;0
13840;2798;-0.9218420980000001;0.264089704;0.346118003;0;0
13842;2799;-0.924283385;0.255300939;0.338305801;0;0
13843;2800;-0.929166019;0.254324436;0.356859833;0;0
13849;2801;-0.927212954;0.258230537;0.362230718;0;0
13852;2802;-0.920865536;0.263113171;0.361254185;0;0
13852;2803;-0.918424249;0.251883119;0.350024134;0;0
13857;2804;-0.919400752;0.256765753;0.353930235;0;0
13865;2805;-0.917447686;0.263113171;0.347582787;0;0
13866;2806;-0.915006399;0.26262489;0.347582787;0;0
13872;2807;-0.911100268;0.26653102;0.349535853;0;0
13878;2808;-0.910612047;0.26262489;0.3558833;0;0
13882;2809;-0.912076831;0.252371371;0.356859833;0;0
13897;2810;-0.9081707;0.256277472;0.365160316;0;0
13897;2811;-0.9145181180000001;0.251883119;0.356371552;0;0
13897;2812;-0.919400752;0.261648387;0.347094536;0;0
13913;2813;-0.918424249;0.250906587;0.339770585;0;0
13913;2814;-0.922818601;0.252371371;0.356371552;0;0
13913;2815;-0.922818601;0.253836155;0.369066417;0;0
13919;2816;-0.92233032;0.250418335;0.34514147;0;0
13932;2817;-0.924771667;0.250418335;0.35930115;0;0
13934;2818;-0.919400752;0.24846524;0.362718999;0;0
13934;2819;-0.926236451;0.257254004;0.365648568;0;0
13935;2820;-0.919889033;0.251394838;0.3558833;0;0
13941;2821;-0.923306882;0.265066206;0.364672035;0;0
13945;2822;-0.910612047;0.247976974;0.33781752;0;0
13955;2823;-0.916959465;0.24309434;0.344653219;0;0
13960;2824;-0.906217635;0.248953506;0.376390398;0;0
13960;2825;-0.923306882;0.249441773;0.35930115;0;0
13982;2826;-0.919400752;0.238699973;0.355395049;0;0
13982;2827;-0.915982902;0.251394838;0.37346077;0;0
13982;2828;-0.912565053;0.247976974;0.35930115;0;0
13983;2829;-0.9316073660000001;0.248953506;0.365648568;0;0
13987;2830;-0.91891247;0.248953506;0.363695502;0;0
13996;2831;-0.922818601;0.249441773;0.35930115;0;0
13997;2832;-0.933560371;0.245535657;0.344653219;0;0
14004;2833;-0.932095587;0.24846524;0.362718999;0;0
14021;2834;-0.925259948;0.248953506;0.353441983;0;0
14021;2835;-0.940884352;0.258718789;0.3666251;0;0
14022;2836;-0.935513437;0.257742256;0.361742467;0;0
14022;2837;-0.93307215;0.263601422;0.352465451;0;0
14042;2838;-0.928677738;0.263113171;0.357348084;0;0
14042;2839;-0.930142581;0.258230537;0.354906768;0;0
14043;2840;-0.929166019;0.264089704;0.364183784;0;0
14043;2841;-0.91891247;0.257254004;0.342211902;0;0
14054;2842;-0.923306882;0.264577955;0.361742467;0;0
14054;2843;-0.913541615;0.26653102;0.356859833;0;0
14054;2844;-0.907682419;0.264577955;0.369066417;0;0
14060;2845;-0.908658981;0.269460589;0.351977199;0;0
14072;2846;-0.907194197;0.258718789;0.350024134;0;0
14073;2847;-0.9081707;0.261160105;0.352953732;0;0
14079;2848;-0.903776348;0.270925373;0.351488918;0;0
14079;2849;-0.906705916;0.265554488;0.341235369;0;0
14092;2850;-0.910123765;0.267019272;0.345629752;0;0
14092;2851;-0.906217635;0.267019272;0.351000667;0;0
14101;2852;-0.903288066;0.264089704;0.342700154;0;0
14101;2853;-0.903776348;0.260671854;0.33781752;0;0
14122;2854;-0.898893714;0.263601422;0.34514147;0;0
14123;2855;-0.8993819360000001;0.268972337;0.343676686;0;0
14123;2856;-0.9081707;0.267507523;0.344164968;0;0
14123;2857;-0.909147203;0.273854971;0.338305801;0;0
14124;2858;-0.914029837;0.265554488;0.340747118;0;0
14130;2859;-0.913541615;0.261648387;0.338305801;0;0
14135;2860;-0.916959465;0.264577955;0.346118003;0;0
14145;2861;-0.920865536;0.262136638;0.372972518;0;0
14145;2862;-0.917447686;0.256765753;0.364672035;0;0
14158;2863;-0.929166019;0.253836155;0.351000667;0;0
14158;2864;-0.924771667;0.251394838;0.356859833;0;0
14158;2865;-0.939419568;0.253836155;0.3666251;0;0
14168;2866;-0.9218420980000001;0.251394838;0.375413865;0;0
14168;2867;-0.929166019;0.247976974;0.375902116;0;0
14178;2868;-0.935025215;0.249441773;0.372484267;0;0
14181;2869;-0.920865536;0.251394838;0.38078475;0;0
14192;2870;-0.9267247320000001;0.251883119;0.365160316;0;0
14193;2871;-0.908658981;0.260183573;0.374925584;0;0
14193;2872;-0.9145181180000001;0.249930039;0.374437302;0;0
14205;2873;-0.903776348;0.261160105;0.375413865;0;0
14205;2874;-0.913541615;0.26653102;0.360765934;0;0
14210;2875;-0.907682419;0.26262489;0.360765934;0;0
14224;2876;-0.9096354840000001;0.263113171;0.351000667;0;0
14226;2877;-0.915982902;0.256277472;0.348071069;0;0
14226;2878;-0.901823282;0.260671854;0.353441983;0;0
14227;2879;-0.916959465;0.252371371;0.350024134;0;0
14235;2880;-0.912565053;0.241141289;0.341723651;0;0
14238;2881;-0.907682419;0.24309434;0.351977199;0;0
14250;2882;-0.9081707;0.249441773;0.341723651;0;0
14251;2883;-0.910612047;0.241141289;0.365160316;0;0
14251;2884;-0.9081707;0.247000456;0.35930115;0;0
14262;2885;-0.911100268;0.244559139;0.351000667;0;0
14263;2886;-0.918424249;0.247488722;0.351000667;0;0
14269;2887;-0.91891247;0.24309434;0.368089885;0;0
14274;2888;-0.925748169;0.244070873;0.368578136;0;0
14278;2889;-0.923795104;0.231864288;0.351977199;0;0
14294;2890;-0.929166019;0.230399504;0.370531201;0;0
14294;2891;-0.933560371;0.235282138;0.367113352;0;0
14295;2892;-0.93307215;0.236258656;0.352465451;0;0
14301;2893;-0.938931286;0.220145941;0.363207251;0;0
14302;2894;-0.934048653;0.228446439;0.358812869;0;0
14306;2895;-0.933560371;0.235282138;0.371019453;0;0
14312;2896;-0.924283385;0.228934705;0.372484267;0;0
14321;2897;-0.922818601;0.231864288;0.356371552;0;0
14322;2898;-0.920377314;0.239676505;0.381761283;0;0
14325;2899;-0.912076831;0.236746922;0.379808217;0;0
14332;2900;-0.915006399;0.241141289;0.375902116;0;0
14337;2901;-0.908658981;0.241629556;0.35930115;0;0
14343;2902;-0.905241132;0.244070873;0.379808217;0;0
14348;2903;-0.906217635;0.247976974;0.3842026;0;0
14363;2904;-0.907194197;0.253347903;0.376390398;0;0
14364;2905;-0.902311563;0.250906587;0.364672035;0;0
14364;2906;-0.904264569;0.253347903;0.38078475;0;0
14365;2907;-0.906705916;0.26262489;0.367113352;0;0
14371;2908;-0.9115885500000001;0.237235188;0.374925584;0;0
14385;2909;-0.9096354840000001;0.258230537;0.358812869;0;0
14386;2910;-0.914029837;0.269460589;0.356371552;0;0
14387;2911;-0.900358498;0.262136638;0.364183784;0;0
14400;2912;-0.909147203;0.257742256;0.37346077;0;0
14400;2913;-0.911100268;0.26262489;0.342700154;0;0
14405;2914;-0.924283385;0.247488722;0.361742467;0;0
14405;2915;-0.923306882;0.247000456;0.355395049;0;0
14419;2916;-0.924283385;0.249441773;0.351488918;0;0
14420;2917;-0.925748169;0.257254004;0.37004295;0;0
14420;2918;-0.919400752;0.25578922;0.363207251;0;0
14427;2919;-0.91891247;0.260671854;0.356371552;0;0
14430;2920;-0.925259948;0.258230537;0.350024134;0;0
14442;2921;-0.913541615;0.264577955;0.358324617;0;0
14442;2922;-0.918424249;0.268972337;0.34855932;0;0
14447;2923;-0.919889033;0.263601422;0.353441983;0;0
14457;2924;-0.913541615;0.263601422;0.35930115;0;0
14457;2925;-0.915982902;0.269460589;0.362718999;0;0
14466;2926;-0.915006399;0.278737605;0.358812869;0;0
14466;2927;-0.91891247;0.267995805;0.352465451;0;0
14469;2928;-0.916959465;0.270925373;0.373949051;0;0
14475;2929;-0.9096354840000001;0.26994884;0.362718999;0;0
14480;2930;-0.91891247;0.26994884;0.367601633;0;0
14487;2931;-0.912565053;0.275319785;0.376878649;0;0
14495;2932;-0.914029837;0.261648387;0.3558833;0;0
14496;2933;-0.9145181180000001;0.260671854;0.361254185;0;0
14502;2934;-0.917447686;0.268484056;0.33781752;0;0
14506;2935;-0.912076831;0.269460589;0.351000667;0;0
14515;2936;-0.909147203;0.26262489;0.352465451;0;0
14516;2937;-0.9096354840000001;0.267019272;0.33781752;0;0
14519;2938;-0.9218420980000001;0.267507523;0.360765934;0;0
14523;2939;-0.919889033;0.26994884;0.361254185;0;0
14528;2940;-0.92233032;0.263113171;0.350512415;0;0
14536;2941;-0.929166019;0.258718789;0.358812869;0;0
14545;2942;-0.9267247320000001;0.260183573;0.33781752;0;0
14545;2943;-0.936489999;0.259695321;0.352953732;0;0
14554;2944;-0.927212954;0.259695321;0.358324617;0;0
14554;2945;-0.930142581;0.254324436;0.368089885;0;0
14564;2946;-0.917935967;0.262136638;0.351977199;0;0
14564;2947;-0.92233032;0.264089704;0.356859833;0;0
14574;2948;-0.919889033;0.262136638;0.348071069;0;0
14575;2949;-0.9145181180000001;0.256277472;0.357836366;0;0
14585;2950;-0.912076831;0.260183573;0.370531201;0;0
14585;2951;-0.903288066;0.265554488;0.359789401;0;0
14591;2952;-0.910612047;0.261648387;0.352465451;0;0
14603;2953;-0.916959465;0.271901906;0.352465451;0;0
14603;2954;-0.924283385;0.271413654;0.358324617;0;0
14604;2955;-0.912076831;0.262136638;0.344653219;0;0
14609;2956;-0.907682419;0.268484056;0.350512415;0;0
14620;2957;-0.902799785;0.263113171;0.361254185;0;0
14621;2958;-0.905729413;0.259695321;0.371995986;0;0
14622;2959;-0.919889033;0.255300939;0.356371552;0;0
14628;2960;-0.919400752;0.254812688;0.352465451;0;0
14633;2961;-0.917935967;0.244559139;0.351977199;0;0
14646;2962;-0.917935967;0.251883119;0.348071069;0;0
14647;2963;-0.903288066;0.250418335;0.361742467;0;0
14647;2964;-0.916471183;0.254812688;0.354906768;0;0
14653;2965;-0.915982902;0.256765753;0.351000667;0;0
14659;2966;-0.919889033;0.260183573;0.37346077;0;0
14669;2967;-0.917447686;0.251883119;0.352465451;0;0
14673;2968;-0.912565053;0.257742256;0.3558833;0;0
14673;2969;-0.913541615;0.256765753;0.348071069;0;0
14677;2970;-0.91891247;0.251883119;0.353930235;0;0
14683;2971;-0.923306882;0.254812688;0.341235369;0;0
14688;2972;-0.913541615;0.256765753;0.357348084;0;0
14691;2973;-0.9218420980000001;0.250906587;0.351000667;0;0
14698;2974;-0.923795104;0.27336669;0.355395049;0;0
14703;2975;-0.92233032;0.264577955;0.358812869;0;0
14707;2976;-0.915006399;0.26262489;0.358324617;0;0
14719;2977;-0.91891247;0.268484056;0.365160316;0;0
14722;2978;-0.919400752;0.263601422;0.363695502;0;0
14722;2979;-0.91891247;0.253347903;0.362718999;0;0
14726;2980;-0.9145181180000001;0.250418335;0.355395049;0;0
14731;2981;-0.930630803;0.24846524;0.339770585;0;0
14752;2982;-0.912565053;0.25578922;0.338305801;0;0
14752;2983;-0.929166019;0.258718789;0.365160316;0;0
14752;2984;-0.912565053;0.264577955;0.351488918;0;0
14753;2985;-0.915982902;0.261648387;0.353441983;0;0
14757;2986;-0.916471183;0.259695321;0.352953732;0;0
14763;2987;-0.915006399;0.257742256;0.356371552;0;0
14778;2988;-0.9081707;0.258718789;0.369554669;0;0
14784;2989;-0.909147203;0.255300939;0.363695502;0;0
14785;2990;-0.9145181180000001;0.25578922;0.356859833;0;0
14785;2991;-0.916471183;0.250906587;0.372484267;0;0
14786;2992;-0.916471183;0.25578922;0.363207251;0;0
14798;2993;-0.915006399;0.253347903;0.3558833;0;0
14798;2994;-0.911100268;0.260183573;0.362230718;0;0
14803;2995;-0.909147203;0.248953506;0.369066417;0;0
14811;2996;-0.918424249;0.250418335;0.365648568;0;0
14812;2997;-0.9081707;0.252371371;0.357348084;0;0
14821;2998;-0.920377314;0.260671854;0.361254185;0;0
14825;2999;-0.9096354840000001;0.257742256;0.378343433;0;0
14825;3000;-0.910123765;0.258718789;0.362230718;0;0
14830;3001;-0.925259948;0.256277472;0.37004295;0;0
14838;3002;-0.916471183;0.257254004;0.362230718;0;0
14847;3003;-0.9115885500000001;0.257254004;0.361254185;0;0
14852;3004;-0.903288066;0.264089704;0.360765934;0;0
14853;3005;-0.915006399;0.260183573;0.357836366;0;0
14859;3006;-0.9218420980000001;0.263601422;0.360765934;0;0
14860;3007;-0.913541615;0.260183573;0.367113352;0;0
14867;3008;-0.913541615;0.256277472;0.383714348;0;0
14885;3009;-0.898893714;0.260183573;0.365160316;0;0
14887;3010;-0.907682419;0.256277472;0.371995986;0;0
14887;3011;-0.912076831;0.252371371;0.371019453;0;0
14888;3012;-0.912076831;0.244070873;0.352953732;0;0
14895;3013;-0.9115885500000001;0.253836155;0.359789401;0;0
14896;3014;-0.906217635;0.253347903;0.370531201;0;0
14923;3015;-0.904264569;0.265554488;0.374437302;0;0
14924;3016;-0.9081707;0.264089704;0.361254185;0;0
14924;3017;-0.9081707;0.254812688;0.361742467;0;0
14924;3018;-0.901823282;0.26262489;0.346606284;0;0
14924;3019;-0.915982902;0.265554488;0.369066417;0;0
14925;3020;-0.910123765;0.258230537;0.349535853;0;0
14968;3021;-0.918424249;0.264577955;0.357348084;0;0
14968;3022;-0.925748169;0.261160105;0.3558833;0;0
14968;3023;-0.917447686;0.256277472;0.368089885;0;0
14970;3024;-0.929166019;0.258230537;0.34855932;0;0
14970;3025;-0.919889033;0.25578922;0.350024134;0;0
14971;3026;-0.922818601;0.254812688;0.350512415;0;0
14971;3027;-0.924283385;0.263601422;0.369066417;0;0
14971;3028;-0.924283385;0.257254004;0.362718999;0;0
14972;3029;-0.923306882;0.258718789;0.365648568;0;0
14980;3030;-0.918424249;0.252371371;0.367113352;0;0
14981;3031;-0.9145181180000001;0.253836155;0.371019453;0;0
14988;3032;-0.910612047;0.258718789;0.367113352;0;0
14988;3033;-0.9096354840000001;0.253347903;0.353441983;0;0
14998;3034;-0.912076831;0.258230537;0.364672035;0;0
14999;3035;-0.902799785;0.258230537;0.365648568;0;0
15008;3036;-0.915006399;0.253836155;0.344164968;0;0
176;0;1.031982422;-0.1015625;0.06665039075;0;1
190;1;1.031982422;-0.1015625;0.06665039075;0;1
228;2;1.002685547;-0.043701172;0.052734375;0;1
245;3;1.002685547;-0.043701172;0.052734375;0;1
550;4;0.98364257825;-0.0524902345;0.0693359375;0;1
563;5;0.97875976575;-0.0576171875;0.043701172;0;1
584;6;0.99536132825;-0.084716797;0.04345703125;0;1
614;7;1.02099609375;-0.069091797;0.0720214845;0;1
624;8;1.02099609375;-0.069091797;0.0720214845;0;1
661;9;0.98046875;-0.0498046875;0.04516601575;0;1
703;10;0.98168945325;-0.072265625;0.05224609375;0;1
736;11;1.00512695325;-0.0576171875;0.02880859375;0;1
771;12;1.00512695325;-0.0576171875;0.02880859375;0;1
807;13;1.0234375;-0.055419922;0.04443359375;0;1
826;14;1.0234375;-0.055419922;0.04443359375;0;1
837;15;0.9755859375;-0.0388183595;0.025390625;0;1
851;16;0.9755859375;-0.0388183595;0.025390625;0;1
878;17;0.9755859375;-0.0388183595;0.025390625;0;1
905;18;0.9638671875;-0.04809570325;0.0446777345;0;1
942;19;0.95239257825;-0.05322265625;-0.067138672;0;1
984;20;0.9755859375;-0.0603027345;0.05102539075;0;1
1032;21;1.01782226575;-0.028076172;0.0642089845;0;1
1143;22;0.9665527345;-0.04833984375;-0.0048828125;0;1
1185;23;1.013671875;-0.02856445325;0.03662109375;0;1
1242;24;0.99658203125;-0.05224609375;-0.006591797;0;1
1281;25;0.97680664075;-0.049560547;0.01391601575;0;1
1329;26;0.9990234375;-0.064453125;0.01000976575;0;1
1381;27;0.99755859375;-0.0244140625;0.01684570325;0;1
1426;28;0.97705078125;-0.045654297;-0.00610351575;0;1
1476;29;0.99340820325;-0.02978515625;0.01879882825;0;1
1526;30;1.00634765625;-0.068359375;0.00927734375;0;1
1576;31;0.98266601575;-0.0466308595;0.010498047;0;1
1627;32;0.982421875;-0.05517578125;0.00439453125;0;1
1678;33;1.00122070325;-0.0622558595;-0.0205078125;0;1
1726;34;0.973388672;-0.09497070325;-0.13232421875;0;1
1788;35;0.96997070325;-0.046875;-0.0625;0;1
1876;36;0.9697265625;-0.06079101575;-0.0388183595;0;1
1908;37;0.9697265625;-0.06079101575;-0.0388183595;0;1
1961;38;0.97900390625;-0.10302734375;-0.02880859375;0;1
1965;39;0.97900390625;-0.10302734375;-0.02880859375;0;1
2060;40;0.987060547;-0.111328125;-0.020263672;0;1
2065;41;0.987060547;-0.111328125;-0.020263672;0;1
2109;42;0.96411132825;-0.13232421875;-0.047607422;0;1
2177;43;0.992919922;-0.14575195325;-0.02734375;0;1
2209;44;0.965576172;-0.14575195325;-0.06640625;0;1
2262;45;1.048828125;-0.04736328125;-0.0576171875;0;1
2310;46;0.98583984375;-0.03344726575;-0.07763671875;0;1
2362;47;0.92578125;-0.0234375;-0.1201171875;0;1
2408;48;1.0166015625;-0.0791015625;-0.09228515625;0;1
2446;49;0.9375;-0.0322265625;-0.057373047;0;1
2496;50;0.87548828125;-0.11157226575;-0.0400390625;0;1
2546;51;1.1259765625;-0.07080078125;-0.15454101575;0;1
2597;52;1.009765625;-0.080078125;-0.07641601575;0;1
2644;53;0.9548339845;-0.11840820325;-0.0817871095;0;1
2686;54;0.9501953125;-0.22314453125;-0.10473632825;0;1
2742;55;0.99926757825;-0.12231445325;-0.08203125;0;1
2807;56;0.830810547;-0.091796875;0.046875;0;1
2845;57;0.887451172;-0.13037109375;-0.09765625;0;1
2892;58;1.10083007825;-0.03369140625;-0.05615234375;0;1
2941;59;0.987060547;-0.0329589845;-0.1162109375;0;1
2983;60;0.96435546875;-0.123779297;-0.039794922;0;1
3092;61;0.8864746095;0.0751953125;-0.23754882825;0;1
3135;62;1.01513671875;-0.01171875;-0.126953125;0;1
3192;63;0.91455078125;-0.06201171875;-0.0895996095;0;1
3245;64;0.8181152345;-0.189453125;-0.11352539075;0;1
3278;65;1.02001953125;-0.109375;-0.0712890625;0;1
3325;66;0.84497070325;-0.09521484375;0.0029296875;0;1
3376;67;0.92993164075;-0.1872558595;-0.05102539075;0;1
3427;68;0.9765625;-0.28369140625;-0.051513672;0;1
3474;69;0.7890625;-0.298828125;0.006591797;0;1
3525;70;0.837890625;-0.2770996095;0.1953125;0;1
3576;71;0.3994140625;-0.27563476575;0.05810546875;0;1
3627;72;-0.260498047;0.0720214845;0.0524902345;0;1
3676;73;-0.66455078125;0.48657226575;-0.44873046875;0;1
3725;74;0.48876953125;-0.314453125;0.51123046875;0;1
3780;75;-0.59814453125;-0.10375976575;-0.0595703125;0;1
3817;76;0.203857422;-0.0817871095;-0.11181640625;0;1
3861;77;0.419921875;0.45629882825;-0.336669922;0;1
3914;78;2;1.98431396475;-1.97314453125;0;1
4003;79;0.69165039075;1.98431396475;-0.88891601575;0;1
4008;80;0.69165039075;1.98431396475;-0.88891601575;0;1
4065;81;0.551513672;1.98431396475;1.449951172;0;1
4111;82;-0.23974609375;0.56591796875;0.44262695325;0;1
4160;83;-0.64086914075;0.52294921875;0.46508789075;0;1
4205;84;0.29418945325;0.240966797;0.49267578125;0;1
4259;85;-0.08447265625;0.3649902345;0.524169922;0;1
4307;86;-0.0615234375;0.84130859375;0.45434570325;0;1
4362;87;-0.07177734375;1.053466797;0.508544922;0;1
4407;88;0.1286621095;1.2470703125;0.61840820325;0;1
4457;89;0.37524414075;1.09204101575;0.6911621095;0;1
4494;90;0.302734375;0.77685546875;0.87036132825;0;1
4538;91;0.17431640625;0.4921875;0.6796875;0;1
4601;92;0.22021484375;0.42431640625;0.7653808595;0;1
4641;93;0.0302734375;0.883544922;0.26904296875;0;1
4685;94;0.3349609375;1.1931152345;0.3154296875;0;1
4741;95;0.28759765625;1.02392578125;0.381591797;0;1
4795;96;0.44750976575;1.14575195325;0.274169922;0;1
4841;97;0.29345703125;0.83251953125;0.459716797;0;1
4897;98;0.166015625;0.7380371095;0.5400390625;0;1
4940;99;0.23681640625;0.768310547;0.5556640625;0;1
5042;100;0.1540527345;0.85083007825;0.62524414075;0;1
5094;101;0.14086914075;0.936279297;0.57543945325;0;1
5143;102;0.22973632825;0.895263672;0.59716796875;0;1
5176;103;0.2568359375;0.82739257825;0.53662109375;0;1
5227;104;0.28344726575;0.815185547;0.51904296875;0;1
5278;105;0.27075195325;0.86279296875;0.50732421875;0;1
5326;106;0.2653808595;0.883544922;0.5068359375;0;1
5376;107;0.2595214845;0.89770507825;0.5224609375;0;1
5426;108;0.2978515625;0.85205078125;0.5544433595;0;1
5479;109;0.25122070325;0.81982421875;0.54345703125;0;1
5526;110;0.25146484375;0.822265625;0.5478515625;0;1
5583;111;0.25537109375;0.85668945325;0.52661132825;0;1
5636;112;0.21606445325;0.8767089845;0.53759765625;0;1
5675;113;0.250732422;0.85473632825;0.52880859375;0;1
5724;114;0.25146484375;0.826904297;0.53955078125;0;1
5762;115;0.240966797;0.84301757825;0.50830078125;0;1
5825;116;0.2333984375;0.85009765625;0.513671875;0;1
5868;117;0.23193359375;0.8669433595;0.5107421875;0;1
5911;118;0.24365234375;0.88208007825;0.5224609375;0;1
5961;119;0.23071289075;0.8779296875;0.51879882825;0;1
6014;120;0.22680664075;0.84985351575;0.54736328125;0;1
6075;121;0.2673339845;0.8981933595;0.46435546875;0;1
6165;122;0.217529297;0.85205078125;0.5192871095;0;1
6196;123;0.217529297;0.85205078125;0.5192871095;0;1
6219;124;0.2373046875;0.8583984375;0.51611328125;0;1
6253;125;0.21435546875;0.84521484375;0.5407714845;0;1
6305;126;0.212890625;0.87255859375;0.494873047;0;1
6357;127;0.2497558595;0.84130859375;0.52563476575;0;1
6407;128;0.25146484375;0.8408203125;0.53125;0;1
6457;129;0.2556152345;0.838623047;0.54907226575;0;1
6502;130;0.25219726575;0.86157226575;0.535888672;0;1
6569;131;0.2373046875;0.84692382825;0.548828125;0;1
6638;132;0.23950195325;0.8435058595;0.54321289075;0;1
6648;133;0.23950195325;0.8435058595;0.54321289075;0;1
6749;134;0.21606445325;0.84716796875;0.56884765625;0;1
6757;135;0.21606445325;0.84716796875;0.56884765625;0;1
6796;136;0.21142578125;0.8259277345;0.5329589845;0;1
6890;137;0.25219726575;0.84497070325;0.5915527345;0;1
6905;138;0.25219726575;0.84497070325;0.5915527345;0;1
7001;139;0.24243164075;0.8649902345;0.51904296875;0;1
7041;140;0.221435547;0.86083984375;0.5446777345;0;1
7079;141;0.21142578125;0.84887695325;0.5622558595;0;1
7141;142;0.2265625;0.8454589845;0.54638671875;0;1
7193;143;0.24560546875;0.830078125;0.582763672;0;1
7279;144;0.23754882825;0.86157226575;0.5615234375;0;1
7287;145;0.23754882825;0.86157226575;0.5615234375;0;1
7373;146;0.21826171875;0.842529297;0.56372070325;0;1
7377;147;0.21826171875;0.842529297;0.56372070325;0;1
7425;148;0.24853515625;0.8486328125;0.58544921875;0;1
7481;149;0.197998047;0.8356933595;0.59594726575;0;1
7520;150;0.225341797;0.83129882825;0.59521484375;0;1
7584;151;0.2333984375;0.82421875;0.58032226575;0;1
7631;152;0.223388672;0.8466796875;0.5771484375;0;1
7675;153;0.21484375;0.84765625;0.513671875;0;1
7762;154;0.24633789075;0.82153320325;0.58203125;0;1
7767;155;0.24633789075;0.82153320325;0.58203125;0;1
7823;156;0.2224121095;0.841796875;0.55419921875;0;1
7865;157;0.22119140625;0.837890625;0.56591796875;0;1
7916;158;0.2165527345;0.845703125;0.5778808595;0;1
7956;159;0.20141601575;0.82739257825;0.56396484375;0;1
8007;160;0.237060547;0.82080078125;0.569091797;0;1
8056;161;0.24047851575;0.84521484375;0.55786132825;0;1
8106;162;0.2380371095;0.84033203125;0.541015625;0;1
8156;163;0.2431640625;0.83349609375;0.600341797;0;1
8211;164;0.211669922;0.8623046875;0.56567382825;0;1
8256;165;0.227294922;0.83349609375;0.61376953125;0;1
8306;166;0.22387695325;0.822998047;0.56005859375;0;1
8357;167;0.22265625;0.82055664075;0.5993652345;0;1
8410;168;0.2236328125;0.8466796875;0.578857422;0;1
8442;169;0.21142578125;0.8408203125;0.52685546875;0;1
8492;170;0.216796875;0.837890625;0.58349609375;0;1
8541;171;0.21215820325;0.84204101575;0.552734375;0;1
8587;172;0.2197265625;0.84765625;0.56103515625;0;1
8642;173;0.2138671875;0.8466796875;0.561279297;0;1
8691;174;0.21508789075;0.8359375;0.5810546875;0;1
8744;175;0.221435547;0.84497070325;0.5739746095;0;1
8788;176;0.22265625;0.84423828125;0.5563964845;0;1
8839;177;0.21508789075;0.8454589845;0.55493164075;0;1
8939;178;0.22509765625;0.849609375;0.5576171875;0;1
8994;179;0.224609375;0.837890625;0.55908203125;0;1
9045;180;0.21533203125;0.82739257825;0.58203125;0;1
9089;181;0.2265625;0.846435547;0.59692382825;0;1
9138;182;0.2392578125;0.849609375;0.557373047;0;1
9174;183;0.24145507825;0.82348632825;0.56494140625;0;1
9233;184;0.22680664075;0.82470703125;0.5993652345;0;1
9283;185;0.21508789075;0.84912109375;0.56860351575;0;1
9323;186;0.21142578125;0.84814453125;0.55859375;0;1
9375;187;0.235107422;0.85009765625;0.5798339845;0;1
9426;188;0.21142578125;0.822265625;0.60986328125;0;1
9471;189;0.2197265625;0.826171875;0.5595703125;0;1
9527;190;0.2421875;0.81005859375;0.586669922;0;1
9573;191;0.186279297;0.83837890625;0.59130859375;0;1
9620;192;0.25024414075;0.83618164075;0.5622558595;0;1
9664;193;0.24169921875;0.82958984375;0.598388672;0;1
9704;194;0.22607421875;0.83325195325;0.55786132825;0;1
9777;195;0.23657226575;0.82275390625;0.5849609375;0;1
9810;196;0.236328125;0.8493652345;0.546875;0;1
9860;197;0.2145996095;0.84692382825;0.56103515625;0;1
9901;198;0.2373046875;0.83447265625;0.590576172;0;1
9962;199;0.21801757825;0.85107421875;0.5700683595;0;1
10013;200;0.23388671875;0.84912109375;0.5563964845;0;1
10060;201;0.23779296875;0.8251953125;0.57153320325;0;1
10216;202;0.23168945325;0.8278808595;0.600341797;0;1
10241;203;0.23168945325;0.8278808595;0.600341797;0;1
10276;204;0.25219726575;0.848388672;0.60961914075;0;1
10295;205;0.24243164075;0.81591796875;0.60083007825;0;1
10329;206;0.24243164075;0.81591796875;0.60083007825;0;1
10422;207;0.2536621095;0.8349609375;0.57421875;0;1
10540;208;0.2353515625;0.83447265625;0.57958984375;0;1
10550;209;0.2353515625;0.83447265625;0.57958984375;0;1
10586;210;0.24145507825;0.8193359375;0.6005859375;0;1
10621;211;0.24145507825;0.8193359375;0.6005859375;0;1
10646;212;0.22778320325;0.82373046875;0.5830078125;0;1
10670;213;0.22778320325;0.82373046875;0.5830078125;0;1
10695;214;0.2275390625;0.84594726575;0.58032226575;0;1
10734;215;0.23266601575;0.8330078125;0.572998047;0;1
10788;216;0.2548828125;0.82055664075;0.58203125;0;1
10884;217;0.2373046875;0.83349609375;0.55322265625;0;1
10929;218;0.2216796875;0.84423828125;0.544921875;0;1
10984;219;0.2321777345;0.844482422;0.5732421875;0;1
11028;220;0.2294921875;0.848388672;0.57836914075;0;1
11097;221;0.255859375;0.82080078125;0.59716796875;0;1
11132;222;0.2509765625;0.828857422;0.5993652345;0;1
11173;223;0.24340820325;0.8115234375;0.568359375;0;1
11223;224;0.23168945325;0.82373046875;0.56176757825;0;1
11274;225;0.22875976575;0.824951172;0.584716797;0;1
11324;226;0.22973632825;0.8251953125;0.55883789075;0;1
11372;227;0.25415039075;0.8349609375;0.57568359375;0;1
11428;228;0.2321777345;0.844482422;0.58203125;0;1
11472;229;0.2282714845;0.83447265625;0.5622558595;0;1
11522;230;0.25122070325;0.8232421875;0.58349609375;0;1
11573;231;0.2302246095;0.82080078125;0.5712890625;0;1
11676;232;0.23852539075;0.826904297;0.56201171875;0;1
11708;233;0.23486328125;0.81298828125;0.62060546875;0;1
11731;234;0.23486328125;0.81298828125;0.62060546875;0;1
11806;235;0.255859375;0.833984375;0.572265625;0;1
11857;236;0.22875976575;0.8220214845;0.57446289075;0;1
11905;237;0.22875976575;0.8220214845;0.57446289075;0;1
11951;238;0.2302246095;0.82153320325;0.55883789075;0;1
12023;239;0.22265625;0.84399414075;0.546875;0;1
12040;240;0.22265625;0.84399414075;0.546875;0;1
12064;241;0.2282714845;0.8115234375;0.5986328125;0;1
12103;242;0.2314453125;0.82666015625;0.56201171875;0;1
12166;243;0.2321777345;0.84521484375;0.56079101575;0;1
12221;244;0.2145996095;0.84521484375;0.58349609375;0;1
12255;245;0.23876953125;0.8212890625;0.5563964845;0;1
12298;246;0.240234375;0.824951172;0.5622558595;0;1
12659;247;0.24072265625;0.845703125;0.58203125;0;1
12699;248;0.2399902345;0.8278808595;0.57373046875;0;1
12756;249;0.23583984375;0.82470703125;0.5837402345;0;1
12781;250;0.23583984375;0.82470703125;0.5837402345;0;1
12814;251;0.23583984375;0.82470703125;0.5837402345;0;1
12858;252;0.21435546875;0.83520507825;0.54516601575;0;1
12892;253;0.23193359375;0.8356933595;0.58325195325;0;1
12931;254;0.22705078125;0.84716796875;0.57275390625;0;1
12974;255;0.22802734375;0.84423828125;0.57836914075;0;1
13013;256;0.22802734375;0.84423828125;0.57836914075;0;1
13047;257;0.2138671875;0.822998047;0.5849609375;0;1
13078;258;0.235107422;0.82348632825;0.58203125;0;1
13145;259;0.240234375;0.8259277345;0.57080078125;0;1
13216;260;0.2421875;0.82250976575;0.5712890625;0;1
13228;261;0.2421875;0.82250976575;0.5712890625;0;1
13258;262;0.2421875;0.82250976575;0.5712890625;0;1
13308;263;0.24169921875;0.84521484375;0.58251953125;0;1
13329;264;0.235107422;0.83544921875;0.58056640625;0;1
13350;265;0.235107422;0.83544921875;0.58056640625;0;1
13410;266;0.23461914075;0.8239746095;0.58129882825;0;1
13457;267;0.23559570325;0.82641601575;0.57934570325;0;1
13514;268;0.23657226575;0.82470703125;0.5642089845;0;1
13567;269;0.22119140625;0.79638671875;0.6240234375;0;1
13594;270;0.22119140625;0.79638671875;0.6240234375;0;1
13615;271;0.23950195325;0.8259277345;0.58984375;0;1
13725;272;0.23583984375;0.82348632825;0.58447265625;0;1
13749;273;0.2392578125;0.833984375;0.58325195325;0;1
13783;274;0.2392578125;0.833984375;0.58325195325;0;1
13803;275;0.22778320325;0.826171875;0.57055664075;0;1
13844;276;0.22778320325;0.826171875;0.57055664075;0;1
13875;277;0.21313476575;0.8212890625;0.56567382825;0;1
13909;278;0.23046875;0.8349609375;0.5615234375;0;1
13984;279;0.23291015625;0.82666015625;0.5622558595;0;1
14045;280;0.23461914075;0.82153320325;0.572265625;0;1
14083;281;0.20703125;0.8359375;0.5681152345;0;1
14147;282;0.23681640625;0.83203125;0.5720214845;0;1
14201;283;0.24047851575;0.819091797;0.60400390625;0;1
14239;284;0.254638672;0.8603515625;0.56665039075;0;1
14272;285;0.254638672;0.8603515625;0.56665039075;0;1
14303;286;0.251953125;0.849609375;0.56982421875;0;1
14345;287;0.22998046875;0.84399414075;0.556640625;0;1
14402;288;0.216796875;0.844482422;0.567138672;0;1
14445;289;0.24047851575;0.82348632825;0.576171875;0;1
14497;290;0.21240234375;0.849609375;0.57861328125;0;1
14549;291;0.22875976575;0.83618164075;0.5419921875;0;1
14594;292;0.25415039075;0.8278808595;0.56201171875;0;1
14649;293;0.216796875;0.84765625;0.5544433595;0;1
14700;294;0.2373046875;0.8493652345;0.5595703125;0;1
14755;295;0.2282714845;0.8251953125;0.58203125;0;1
14832;296;0.2419433595;0.84692382825;0.586669922;0;1
14897;297;0.2392578125;0.84912109375;0.56884765625;0;1
14992;298;0.25732421875;0.83935546875;0.5654296875;0;1
15005;299;0.25732421875;0.83935546875;0.5654296875;0;1
179;1;3.2890625;0.25;-2.90625;1;1
192;2;3.2890625;0.25;-2.90625;1;1
231;3;-2.8046875;-2.5078125;-2.59375;1;1
246;4;-2.8046875;-2.5078125;-2.59375;1;1
552;5;-0.2734375;-0.15625;0.4140625;1;1
571;6;1.71875;0.859375;0.171875;1;1
587;7;2.5390625;-4.1328125;-2.0703125;1;1
616;8;1.90625;-4.328125;-2.5546875;1;1
630;9;1.90625;-4.328125;-2.5546875;1;1
662;10;1.375;0.1875;0.96875;1;1
704;11;4.8828125;0.1640625;0.9609375;1;1
737;12;1.3828125;-2.2890625;0.7734375;1;1
772;13;1.3828125;-2.2890625;0.7734375;1;1
809;14;0.90625;-0.6328125;-2.1640625;1;1
827;15;0.90625;-0.6328125;-2.1640625;1;1
839;16;-0.4375;2.84375;-4.6015625;1;1
856;17;-0.4375;2.84375;-4.6015625;1;1
886;18;-0.4375;2.84375;-4.6015625;1;1
908;19;0.1484375;0.609375;-1.25;1;1
943;20;-7.3828125;-14.171875;-2.28125;1;1
988;21;-10.8125;-16.171875;2.0234375;1;1
1034;22;-8.5390625;-7.953125;2.40625;1;1
1145;23;-5.3203125;-9.4921875;2.9375;1;1
1190;24;-3.203125;-8.2890625;2.34375;1;1
1246;25;-1.28125;-1.8984375;-0.9765625;1;1
1283;26;-1.6953125;-4.484375;-2.0859375;1;1
1331;27;-3.984375;-2.609375;-2.5859375;1;1
1383;28;-3.7734375;0.53125;-1.65625;1;1
1428;29;-5.2265625;0.2421875;-3.1640625;1;1
1477;30;-3.96875;0.1640625;-6.3359375;1;1
1528;31;-3.046875;2;-3.9453125;1;1
1577;32;-1.765625;-0.6484375;-6.3984375;1;1
1629;33;0.8671875;-1.796875;-6.2109375;1;1
1680;34;1.3125;-4.171875;-6.046875;1;1
1728;35;-2.140625;-5.03125;-3.5703125;1;1
1793;36;-0.6171875;-10.078125;-4.4765625;1;1
1879;37;-2.640625;-10.171875;-2.34375;1;1
1909;38;-2.640625;-10.171875;-2.34375;1;1
1963;39;-1.140625;-10.21875;-4.515625;1;1
1966;40;-1.140625;-10.21875;-4.515625;1;1
2062;41;8.9765625;-8.7265625;-4.2265625;1;1
2066;42;8.9765625;-8.7265625;-4.2265625;1;1
2111;43;12.8515625;-3.2109375;-1.5234375;1;1
2179;44;18.890625;-4.7421875;-3.0390625;1;1
2211;45;17.703125;2.2421875;-4.859375;1;1
2263;46;18.4765625;2.3359375;0.6484375;1;1
2312;47;2.0625;-4.09375;8.1875;1;1
2364;48;-1.1015625;-7.0390625;5.578125;1;1
2411;49;-7.6015625;-14.53125;4.5;1;1
2447;50;-22.1953125;-10.359375;6.3125;1;1
2500;51;-20.296875;-8.1328125;2.546875;1;1
2548;52;-0.7578125;-12.9609375;-10.6953125;1;1
2599;53;11.5546875;-4.0390625;-5.7734375;1;1
2646;54;10.5859375;1.5859375;-0.9140625;1;1
2689;55;-4.828125;-1.875;1.3359375;1;1
2744;56;-14.921875;-3.828125;8.2421875;1;1
2808;57;-15.6171875;-3.9140625;9.515625;1;1
2848;58;-0.2109375;-7.75;7.4375;1;1
2893;59;-1;-20.1015625;13.8515625;1;1
2947;60;-2;-9.546875;20.546875;1;1
2986;61;-7.2890625;-9.203125;14.078125;1;1
3094;62;17.21875;-5.9296875;8.828125;1;1
3142;63;31.6640625;-6.421875;5.0390625;1;1
3195;64;28.84375;8.4609375;2.921875;1;1
3246;65;9.7734375;6.9921875;-10.171875;1;1
3281;66;5.9296875;8.625;-21.9609375;1;1
3326;67;-4.171875;12.3125;-19.34375;1;1
3378;68;-19.8125;-2.046875;-26.3359375;1;1
3429;69;-26.6796875;1.2890625;-32.0234375;1;1
3477;70;-15.8125;0.8984375;-38.703125;1;1
3527;71;-5.5390625;15.6328125;-21.8046875;1;1
3577;72;-19.6796875;8.2890625;3.9609375;1;1
3628;73;14.3203125;1.578125;39.5078125;1;1
3678;74;63.125;-65.578125;41.0703125;1;1
3727;75;15.4375;-69.515625;51.203125;1;1
3782;76;-6.6015625;-105.40625;33.6171875;1;1
3819;77;32.1015625;-102.1953125;75.0078125;1;1
3863;78;50.046875;-166.5625;74.78125;1;1
3916;79;253.9921875;-119.0546875;145.8046875;1;1
4005;80;134.0234375;126.1171875;253.9921875;1;1
4009;81;134.0234375;126.1171875;253.9921875;1;1
4067;82;119.375;88.265625;174.171875;1;1
4112;83;88.3828125;14.4765625;127.6328125;1;1
4162;84;52.625;-5.7265625;25.90625;1;1
4207;85;74.046875;-1.984375;0.0859375;1;1
4260;86;51.3203125;0.25;-3.546875;1;1
4309;87;60.8203125;10.359375;-14.6796875;1;1
4363;88;43.734375;6.703125;-24.3984375;1;1
4409;89;45.9140625;0.9453125;-35.6875;1;1
4461;90;12.90625;25.1953125;-36.390625;1;1
4497;91;-5.5703125;14.15625;-19.5859375;1;1
4541;92;-30.7109375;22.6484375;-13.40625;1;1
4603;93;-23.140625;53.3984375;-0.9921875;1;1
4644;94;-14.78125;13.0390625;-29.5703125;1;1
4688;95;25.1875;-33.2890625;-19.6796875;1;1
4743;96;-44.5390625;4.1328125;-31.59375;1;1
4796;97;3.390625;18.21875;-12.7265625;1;1
4843;98;11.015625;-15.2734375;16.9765625;1;1
4899;99;14.5390625;-9.359375;18.2265625;1;1
4945;100;15.921875;-7.7265625;12.1875;1;1
5044;101;14.9765625;-8.53125;10.046875;1;1
5096;102;4.3515625;-10.890625;-2.984375;1;1
5144;103;-1.6171875;-8.9375;-8.3671875;1;1
5178;104;-3.734375;-1.15625;-9.078125;1;1
5229;105;-3.203125;3.796875;-8.390625;1;1
5281;106;-4.640625;4.8671875;-3.3203125;1;1
5328;107;-1.4609375;0.9140625;-4.171875;1;1
5379;108;-1.4765625;-3.2578125;-2.171875;1;1
5428;109;0.0859375;-3.265625;-0.046875;1;1
5481;110;1.7265625;-3.8203125;4.7734375;1;1
5529;111;-2.2890625;-4.7265625;4.2890625;1;1
5584;112;-2.8046875;-2.03125;1.1015625;1;1
5639;113;-1.6953125;-0.9140625;2.09375;1;1
5676;114;-2.65625;2.796875;-0.8515625;1;1
5725;115;-0.9609375;3.7890625;0.1171875;1;1
5764;116;-2.7578125;-0.4140625;-2.3203125;1;1
5826;117;-2.0703125;2.46875;-1.1875;1;1
5870;118;-2.0390625;-2.0390625;-1.1875;1;1
5912;119;0.0625;-2.5859375;-2.25;1;1
5963;120;-2.171875;-2.5625;0.5078125;1;1
6016;121;0.71875;-0.65625;0.2734375;1;1
6087;122;-8.6640625;4.3125;-1.421875;1;1
6167;123;-0.875;4.875;-1.4296875;1;1
6203;124;-0.875;4.875;-1.4296875;1;1
6221;125;0.6796875;4.1953125;-1.25;1;1
6255;126;-0.3125;0.78125;-1.9296875;1;1
6307;127;1.03125;-4.046875;-1.375;1;1
6358;128;4.625;-1.5859375;-2.3359375;1;1
6411;129;-0.4921875;-4.7265625;-2.15625;1;1
6458;130;-2.890625;-2.984375;0.421875;1;1
6511;131;-0.984375;-0.4609375;0.671875;1;1
6570;132;-0.5859375;2.3671875;0.9609375;1;1
6641;133;0.1796875;2.78125;-2.078125;1;1
6651;134;0.1796875;2.78125;-2.078125;1;1
6752;135;0.5546875;2.8671875;-1.296875;1;1
6758;136;0.5546875;2.8671875;-1.296875;1;1
6798;137;0.9140625;4.1640625;-3.53125;1;1
6893;138;3.28125;-1.71875;-2.265625;1;1
6906;139;3.28125;-1.71875;-2.265625;1;1
7004;140;0.75;1.7421875;-0.078125;1;1
7043;141;0.1328125;2.1953125;-1.265625;1;1
7081;142;-2.3984375;-2.5234375;0.15625;1;1
7142;143;2.0546875;0.1875;0.96875;1;1
7195;144;2.8203125;-0.734375;0.2890625;1;1
7281;145;0.671875;-2.671875;-1.953125;1;1
7288;146;0.671875;-2.671875;-1.953125;1;1
7375;147;-1.234375;-2.078125;0.203125;1;1
7378;148;-1.234375;-2.078125;0.203125;1;1
7426;149;-2.2421875;0.0625;-2.421875;1;1
7484;150;0.5;0.484375;-2.4453125;1;1
7522;151;-2.0234375;-0.7734375;0.4609375;1;1
7589;152;0.8828125;-2.328125;-2.6015625;1;1
7632;153;0.0234375;-1.671875;-2.6953125;1;1
7676;154;-10.8203125;-4.515625;-2.9296875;1;1
7764;155;0.1953125;10.0234375;0.953125;1;1
7768;156;0.1953125;10.0234375;0.953125;1;1
7825;157;-1.421875;3.78125;0.1953125;1;1
7867;158;-1.0859375;-2.125;-0.84375;1;1
7917;159;-2.8671875;-4.0390625;-2.6796875;1;1
7958;160;0.28125;-3.171875;-1.6328125;1;1
8011;161;-0.9140625;-3.9375;-1.8046875;1;1
8057;162;0.734375;-1.7890625;-2.8984375;1;1
8108;163;1.7265625;2.5859375;0.21875;1;1
8162;164;0.6796875;-0.4140625;-0.109375;1;1
8214;165;-1.0703125;0.3203125;2.125;1;1
8257;166;-2.671875;-1.359375;2.84375;1;1
8308;167;-3.65625;0.0546875;2.1796875;1;1
8358;168;-3.453125;0.125;2.1484375;1;1
8412;169;-5.0234375;2.28125;0.9453125;1;1
8445;170;-1.0546875;-2.890625;0.1640625;1;1
8493;171;-2.53125;-0.9140625;-1.0625;1;1
8544;172;-1.265625;-0.6484375;-1.09375;1;1
8589;173;-2.8125;-2.1015625;-2.6875;1;1
8643;174;0.3828125;0.25;-2.3671875;1;1
8693;175;-0.4453125;-0.59375;-2.5;1;1
8745;176;-0.953125;-1.2734375;-2.4140625;1;1
8789;177;-2.09375;-1.5703125;-1.4921875;1;1
8841;178;0;-2.9140625;-1.578125;1;1
8941;179;-2.828125;-2.546875;-1.015625;1;1
8996;180;-2.2578125;-2.59375;-2.9921875;1;1
9048;181;-2.3203125;0.1171875;-1.0390625;1;1
9092;182;0.3984375;0.3828125;-1.421875;1;1
9140;183;-2.6484375;0.71875;-1.2109375;1;1
9175;184;-0.2890625;-0.7265625;-2.4296875;1;1
9236;185;0.4921875;-0.3515625;-1.0625;1;1
9286;186;-2.859375;-0.1328125;-1.8125;1;1
9324;187;-1.3125;-0.2734375;-2.8125;1;1
9376;188;0.9296875;-0.1015625;-2.3671875;1;1
9428;189;2.5;1.4296875;-2.8125;1;1
9473;190;-0.2890625;2.3046875;-2.9375;1;1
9530;191;2.984375;-1.7890625;-1.4609375;1;1
9574;192;0.25;-6.9921875;-4.890625;1;1
9622;193;-4.421875;-2.7421875;-1.5546875;1;1
9667;194;-4.3671875;-2.703125;-2.734375;1;1
9706;195;-1.765625;0.671875;-2.203125;1;1
9778;196;-1.3125;0.546875;-2.296875;1;1
9811;197;-2.6640625;0.9609375;-2.46875;1;1
9862;198;0.859375;0.921875;-1.21875;1;1
9907;199;-0.6640625;-0.765625;-2.9609375;1;1
9964;200;-2.6328125;0.25;-2.4375;1;1
10014;201;2.90625;-2.03125;-2.46875;1;1
10064;202;0.765625;0.609375;-1.4609375;1;1
10218;203;-1.1171875;-2.421875;-2.578125;1;1
10242;204;-1.1171875;-2.421875;-2.578125;1;1
10278;205;0.15625;-1.4765625;-4.859375;1;1
10296;206;-2.4765625;-2.3984375;-1.0078125;1;1
10336;207;-2.4765625;-2.3984375;-1.0078125;1;1
10426;208;-1.1953125;0.78125;0.59375;1;1
10543;209;-2.828125;-0.7109375;-2.5078125;1;1
10553;210;-2.828125;-0.7109375;-2.5078125;1;1
10587;211;0.203125;-2.34375;-1.1875;1;1
10622;212;0.203125;-2.34375;-1.1875;1;1
10648;213;-2.0625;-2.4375;-1.3046875;1;1
10671;214;-2.0625;-2.4375;-1.3046875;1;1
10696;215;-2.796875;-1.6875;-4.5859375;1;1
10735;216;-2.90625;-2.1640625;-2.390625;1;1
10789;217;-2.203125;0.875;-2.421875;1;1
10893;218;-8.578125;-2.40625;-2.6484375;1;1
10931;219;0.1953125;-1.6640625;-2.75;1;1
10986;220;0.9765625;0.1171875;-1.8203125;1;1
11029;221;-2.3828125;-2.8515625;-1.640625;1;1
11099;222;-1.1328125;-4.078125;0.1015625;1;1
11141;223;-2.7109375;-2.0390625;-2.3359375;1;1
11175;224;-2.796875;0.5625;-2.078125;1;1
11224;225;-1.1875;-2.5546875;0.265625;1;1
11275;226;-1.4453125;-2.21875;-2.0078125;1;1
11325;227;-1.140625;0.3125;0.53125;1;1
11373;228;-4.125;-2.046875;-2.3984375;1;1
11429;229;-1.6171875;-2.0546875;-2.5;1;1
11473;230;-2.7421875;0.7734375;-2.859375;1;1
11528;231;-1.65625;0.7109375;-2.2578125;1;1
11575;232;-2.5625;0.8515625;-2.375;1;1
11684;233;-1.7890625;0.3984375;-2.5078125;1;1
11709;234;2.40625;0.5390625;0.6484375;1;1
11734;235;2.40625;0.5390625;0.6484375;1;1
11808;236;-2.3046875;0.0078125;-2.4921875;1;1
11868;237;-1.8515625;0.9453125;0.4921875;1;1
11907;238;-1.8515625;0.9453125;0.4921875;1;1
11970;239;-2.8828125;2.859375;-0.9765625;1;1
12024;240;-2.4453125;0.109375;0.3984375;1;1
12043;241;-2.4453125;0.109375;0.3984375;1;1
12066;242;0.9453125;-2.109375;0.3984375;1;1
12104;243;-2.90625;2.328125;0.2109375;1;1
12176;244;-2.203125;2.546875;0.28125;1;1
12223;245;-1.078125;-0.140625;0.1171875;1;1
12256;246;-2.9921875;0.7421875;-2.6015625;1;1
12302;247;-1.390625;0.40625;-2.5859375;1;1
12661;248;-1.4453125;0.015625;-2.6484375;1;1
12705;249;-1.8046875;0.6796875;0.3515625;1;1
12757;250;0.1796875;-0.875;-2.21875;1;1
12787;251;0.1796875;-0.875;-2.21875;1;1
12824;252;0.1796875;-0.875;-2.21875;1;1
12860;253;0.2265625;0.1875;0.0390625;1;1
12894;254;0.0859375;-2.015625;-2.2421875;1;1
12933;255;0.0546875;0.9140625;-2.484375;1;1
12976;256;-2.25;-0.8359375;0.1015625;1;1
13020;257;-2.25;-0.8359375;0.1015625;1;1
13049;258;-1.1484375;0.2734375;-2.421875;1;1
13086;259;-2.1953125;0.3203125;-2.421875;1;1
13153;260;0.203125;-2.328125;-1.5;1;1
13219;261;-1.3125;0.625;-2.1484375;1;1
13229;262;-1.3125;0.625;-2.1484375;1;1
13263;263;-1.3125;0.625;-2.1484375;1;1
13314;264;-1.390625;0.625;0.1484375;1;1
13333;265;-1.0390625;0.234375;-2.171875;1;1
13351;266;-1.0390625;0.234375;-2.171875;1;1
13415;267;-1.2890625;0.3046875;-2.4921875;1;1
13467;268;-2.8515625;0.234375;-2.984375;1;1
13526;269;-2.1953125;0.6015625;-2.6796875;1;1
13569;270;-0.7578125;-2.4765625;-2.2421875;1;1
13596;271;-0.7578125;-2.4765625;-2.2421875;1;1
13618;272;-2.6640625;-2.703125;-2.6640625;1;1
13726;273;-1.5703125;0.2265625;-2.015625;1;1
13751;274;-1.484375;0.8984375;-2.09375;1;1
13784;275;-1.484375;0.8984375;-2.09375;1;1
13805;276;0.2421875;0.8984375;-2.4375;1;1
13847;277;0.2421875;0.8984375;-2.4375;1;1
13876;278;0.6796875;0.40625;-2.59375;1;1
13911;279;0;1.7578125;-2.6796875;1;1
13986;280;-2.765625;2.3125;-2.609375;1;1
14051;281;-1.0234375;-0.6953125;-2.8984375;1;1
14087;282;-4.546875;1.65625;-4.484375;1;1
14156;283;-1.7890625;-2.5390625;-2.6640625;1;1
14203;284;-3.59375;2.7265625;-1.5859375;1;1
14241;285;-1.375;-4.3515625;-1.1875;1;1
14273;286;-1.375;-4.3515625;-1.1875;1;1
14305;287;-1.3671875;-1.109375;0.2578125;1;1
14347;288;-4.2109375;-0.78125;0.3359375;1;1
14403;289;-1.4921875;0.25;-2.0625;1;1
14446;290;-1.515625;-0.296875;-2.6328125;1;1
14499;291;-4.7578125;0.5078125;-2.7578125;1;1
14552;292;0.1171875;-2.75;-1.328125;1;1
14601;293;-2.4453125;-2.2578125;-1.3359375;1;1
14650;294;-1.15625;-1.296875;-1.265625;1;1
14702;295;-1.703125;-1.21875;-2.2109375;1;1
14756;296;-1.125;-2.59375;-2.78125;1;1
14836;297;-0.3203125;-2.21875;-2.8359375;1;1
14901;298;-2.4375;-1.90625;-2.1953125;1;1
14993;299;-2.7421875;-4.09375;0.1640625;1;1
15006;300;-2.7421875;-4.09375;0.1640625;1;1
181;1;-28.5;88.16666411999999;-139;2;1
194;2;-28.5;88.16666411999999;-139;2;1
232;3;-29.16666603;87.5;-137.6666718;2;1
247;4;-29.16666603;87.5;-137.6666718;2;1
553;5;-29.33333397;87.83333588000001;-136.3333282;2;1
572;6;-29.33333397;88.5;-138.1666718;2;1
589;7;-30.33333397;88;-136.5;2;1
618;8;-28;89.16666411999999;-136.1666718;2;1
631;9;-28;89.16666411999999;-136.1666718;2;1
665;10;-28.16666603;87;-135.1666718;2;1
705;11;-30.33333397;87.16666411999999;-134.1666718;2;1
741;12;-30.16666603;88.5;-136.6666718;2;1
774;13;-30.16666603;88.5;-136.6666718;2;1
813;14;-29.33333397;86.16666411999999;-136.6666718;2;1
828;15;-29.33333397;86.16666411999999;-136.6666718;2;1
840;16;-30;86.83333588000001;-136.1666718;2;1
859;17;-30;86.83333588000001;-136.1666718;2;1
888;18;-30;86.83333588000001;-136.1666718;2;1
909;19;-26.33333397;86.83333588000001;-132.6666718;2;1
944;20;-24.83333397;35.33333206;-83.5;2;1
989;21;-30.16666603;87.83333588000001;-137.5;2;1
1036;22;-31;90.5;-138.6666718;2;1
1146;23;-28.83333397;87.5;-136.8333282;2;1
1191;24;-30;87.16666411999999;-135;2;1
1247;25;-27.5;87.5;-135.6666718;2;1
1285;26;-29.33333397;87.33333588000001;-136.6666718;2;1
1332;27;-28.83333397;88;-135.6666718;2;1
1385;28;-32.16666794;88.16666411999999;-133.6666718;2;1
1430;29;-28.16666603;88.16666411999999;-135.5;2;1
1479;30;-30.5;89.83333588000001;-132.8333282;2;1
1531;31;-29.5;88;-134.5;2;1
1578;32;-27.5;87.5;-135.6666718;2;1
1631;33;-28.83333397;88.83333588000001;-134.1666718;2;1
1681;34;-30.16666603;87.83333588000001;-134;2;1
1729;35;-28.83333397;88.33333588000001;-131.1666718;2;1
1794;36;-29.5;88.33333588000001;-132.6666718;2;1
1881;37;-28.83333397;88;-133;2;1
1910;38;-28.83333397;88;-133;2;1
1964;39;-28.16666603;87;-133.1666718;2;1
1967;40;-28.16666603;87;-133.1666718;2;1
2063;41;-27.83333397;89;-132.8333282;2;1
2068;42;-27.83333397;89;-132.8333282;2;1
2112;43;-26.5;87.33333588000001;-130.1666718;2;1
2181;44;-27.5;87.5;-131.1666718;2;1
2212;45;-26.83333397;88;-131.8333282;2;1
2264;46;-26.16666603;86.5;-134.3333282;2;1
2313;47;-27.83333397;88.16666411999999;-133.1666718;2;1
2367;48;-25.83333397;87.83333588000001;-133.1666718;2;1
2412;49;-27.33333397;85.83333588000001;-132.5;2;1
2449;50;-29.83333397;87.83333588000001;-132.5;2;1
2501;51;-30.16666603;88.16666411999999;-132.8333282;2;1
2549;52;-29.16666603;86.33333588000001;-132.6666718;2;1
2602;53;-27;87.83333588000001;-133.1666718;2;1
2647;54;-27.16666603;88;-131.5;2;1
2696;55;-28.33333397;89.16666411999999;-131.5;2;1
2745;56;-28;87.16666411999999;-133;2;1
2809;57;-27.5;89.16666411999999;-129.5;2;1
2850;58;-28.33333397;40.5;-128.8333282;2;1
2895;59;-32;42.16666794;-130.6666718;2;1
2948;60;-29.83333397;88.5;-131.6666718;2;1
2988;61;-31.5;88.83333588000001;-132.1666718;2;1
3096;62;-30;87.5;-131.1666718;2;1
3148;63;-32.33333206;87.16666411999999;-134.5;2;1
3197;64;-35.5;88.83333588000001;-132.6666718;2;1
3248;65;-33;86.16666411999999;-134.6666718;2;1
3282;66;-34.66666794;86.83333588000001;-133.8333282;2;1
3327;67;-34;87.16666411999999;-133.8333282;2;1
3381;68;-35.5;88.33333588000001;-134.5;2;1
3430;69;-36.5;87.83333588000001;-134.6666718;2;1
3479;70;-35;89;-133.6666718;2;1
3528;71;-33.83333206;89;-134;2;1
3579;72;-33.33333206;87.33333588000001;-132.8333282;2;1
3630;73;-34.16666794;89.33333588000001;-133.1666718;2;1
3679;74;-36.33333206;88.83333588000001;-136.5;2;1
3730;75;-38.33333206;85.5;-138.8333282;2;1
3784;76;-40.16666794;41.5;-138.1666718;2;1
3824;77;-41;41.5;-137;2;1
3867;78;-86.5;41.33333206;-133.8333282;2;1
3918;79;-88.83333588000001;39.5;-130.5;2;1
4007;80;-100.3333359;35.16666794;-124;2;1
4011;81;-100.3333359;35.16666794;-124;2;1
4069;82;-100.6666641;27.5;-177.8333282;2;1
4114;83;-101.5;58.66666794;-181.6666718;2;1
4166;84;-97.33333588000001;58.5;-184.1666718;2;1
4210;85;-97.66666411999999;54.5;-184.1666718;2;1
4262;86;-95.33333588000001;55.66666794;-186.3333282;2;1
4312;87;-93.33333588000001;52.16666794;-186.8333282;2;1
4365;88;-92.5;54.16666794;-188.3333282;2;1
4411;89;-91;54.5;-187.5;2;1
4463;90;-90.16666411999999;56.16666794;-187.1666718;2;1
4498;91;-90;55.5;-187.3333282;2;1
4542;92;-87.16666411999999;54.66666794;-188.1666718;2;1
4605;93;-88.33333588000001;55.16666794;-188.1666718;2;1
4646;94;-88.5;52.5;-187.5;2;1
4689;95;-92.33333588000001;53.16666794;-185.5;2;1
4744;96;-89.5;56.33333206;-183.5;2;1
4798;97;-89.16666411999999;53.16666794;-180.8333282;2;1
4846;98;-93.16666411999999;51.83333206;-180.8333282;2;1
4901;99;-94.66666411999999;55.5;-185.8333282;2;1
4947;100;-92.83333588000001;53.5;-187.8333282;2;1
5046;101;-90.33333588000001;54.66666794;-186.6666718;2;1
5098;102;-89.33333588000001;55.33333206;-186.3333282;2;1
5145;103;-91.16666411999999;55.5;-185.5;2;1
5181;104;-90.16666411999999;55.33333206;-187.1666718;2;1
5230;105;-90.16666411999999;52.83333206;-186.8333282;2;1
5283;106;-89.5;55.83333206;-186.1666718;2;1
5329;107;-90.33333588000001;54.33333206;-187.8333282;2;1
5382;108;-90;55.5;-185.5;2;1
5431;109;-89.83333588000001;53.33333206;-184.8333282;2;1
5482;110;-90.83333588000001;54.66666794;-188.1666718;2;1
5530;111;-90.16666411999999;54.5;-186.3333282;2;1
5588;112;-90.16666411999999;56.83333206;-188;2;1
5641;113;-90.16666411999999;55.66666794;-188;2;1
5677;114;-91.16666411999999;54.66666794;-185.8333282;2;1
5728;115;-91.33333588000001;54.5;-185.6666718;2;1
5766;116;-90.5;55.33333206;-184.8333282;2;1
5827;117;-90;53.5;-185.5;2;1
5871;118;-90.16666411999999;55.33333206;-184.8333282;2;1
5913;119;-89.83333588000001;55.66666794;-188;2;1
5965;120;-91.16666411999999;55.16666794;-185;2;1
6019;121;-90.83333588000001;55.83333206;-185;2;1
6098;122;-90.5;53.66666794;-186.3333282;2;1
6169;123;-92.5;54.83333206;-184.8333282;2;1
6205;124;-92.5;54.83333206;-184.8333282;2;1
6225;125;-89.83333588000001;54.5;-184.5;2;1
6257;126;-89.83333588000001;55.66666794;-184.8333282;2;1
6308;127;-90.16666411999999;54.16666794;-186.8333282;2;1
6360;128;-91;55.66666794;-186.3333282;2;1
6412;129;-88.5;55.33333206;-184.1666718;2;1
6459;130;-90.5;54.83333206;-186.3333282;2;1
6514;131;-89.16666411999999;54.33333206;-184.6666718;2;1
6581;132;-89.33333588000001;52.5;-186;2;1
6643;133;-89.5;54.33333206;-183.8333282;2;1
6657;134;-89.5;54.33333206;-183.8333282;2;1
6754;135;-87.83333588000001;53.66666794;-183.3333282;2;1
6759;136;-87.83333588000001;53.66666794;-183.3333282;2;1
6801;137;-88.16666411999999;49;-181.8333282;2;1
6895;138;-91.5;54.66666794;-185.5;2;1
6908;139;-91.5;54.66666794;-185.5;2;1
7005;140;-88;55.83333206;-185.5;2;1
7044;141;-89.16666411999999;55.83333206;-184.3333282;2;1
7082;142;-90.16666411999999;53.33333206;-186.8333282;2;1
7143;143;-91.16666411999999;53.5;-186.6666718;2;1
7196;144;-88.16666411999999;52.83333206;-186;2;1
7286;145;-90.16666411999999;55.33333206;-185.6666718;2;1
7289;146;-90.16666411999999;55.33333206;-185.6666718;2;1
7375;147;-89.33333588000001;54.5;-186;2;1
7381;148;-89.33333588000001;54.5;-186;2;1
7427;149;-89;53.66666794;-186;2;1
7487;150;-89.16666411999999;55.16666794;-186.6666718;2;1
7533;151;-88.16666411999999;54.5;-186.3333282;2;1
7591;152;-89.5;56.33333206;-184.6666718;2;1
7633;153;-89.33333588000001;54.83333206;-186.8333282;2;1
7677;154;-89.16666411999999;54.66666794;-187;2;1
7765;155;-88.5;53.66666794;-186.8333282;2;1
7769;156;-88.5;53.66666794;-186.8333282;2;1
7826;157;-87.5;53.83333206;-187.8333282;2;1
7872;158;-88.83333588000001;53.83333206;-187.3333282;2;1
7919;159;-88.83333588000001;54.33333206;-188.5;2;1
7959;160;-91.33333588000001;54.83333206;-186.3333282;2;1
8015;161;-90.16666411999999;52.83333206;-186.3333282;2;1
8059;162;-89.33333588000001;55.33333206;-185.6666718;2;1
8109;163;-87.83333588000001;54.5;-185.6666718;2;1
8164;164;-37.16666794;45.66666794;-176.5;2;1
8215;165;-88.33333588000001;52.33333206;-185.5;2;1
8258;166;-90.16666411999999;54.5;-184.1666718;2;1
8309;167;-90.16666411999999;54.16666794;-185.3333282;2;1
8359;168;-88.83333588000001;53.83333206;-185.8333282;2;1
8413;169;-89.5;53.83333206;-184.6666718;2;1
8446;170;-90;52.66666794;-184.6666718;2;1
8495;171;-90.16666411999999;54.83333206;-185.3333282;2;1
8545;172;-90.16666411999999;54.16666794;-186.3333282;2;1
8590;173;-89.83333588000001;53.66666794;-184.8333282;2;1
8644;174;-41.5;47.66666794;-176.5;2;1
8694;175;-86.5;50.5;-181.8333282;2;1
8751;176;-89.33333588000001;50.5;-185.3333282;2;1
8791;177;-90.33333588000001;52.33333206;-184.3333282;2;1
8842;178;-90.16666411999999;55.33333206;-185.3333282;2;1
8942;179;-88;53.5;-183.5;2;1
8998;180;-88.5;56.83333206;-184.1666718;2;1
9049;181;-88.5;53.66666794;-184.1666718;2;1
9093;182;-89.33333588000001;55.66666794;-186.3333282;2;1
9141;183;-88.5;54.83333206;-184.5;2;1
9177;184;-39;46.66666794;-179.3333282;2;1
9238;185;-89.5;54.33333206;-183.1666718;2;1
9287;186;-88.5;55.33333206;-183.6666718;2;1
9325;187;-88.5;54.16666794;-184.1666718;2;1
9378;188;-89.16666411999999;54.66666794;-185.5;2;1
9429;189;-89.33333588000001;53.66666794;-185.3333282;2;1
9475;190;-86.33333588000001;54.66666794;-185.8333282;2;1
9532;191;-90;53.16666794;-185.8333282;2;1
9575;192;-87.5;53.5;-187;2;1
9623;193;-89;53.33333206;-186.8333282;2;1
9669;194;-88.33333588000001;55.83333206;-187.8333282;2;1
9708;195;-88.83333588000001;53.16666794;-186.6666718;2;1
9779;196;-89.16666411999999;54.66666794;-187.8333282;2;1
9812;197;-88.5;53.33333206;-188.3333282;2;1
9863;198;-89.16666411999999;54.66666794;-185.5;2;1
9909;199;-87.16666411999999;52.33333206;-186.6666718;2;1
9965;200;-87.83333588000001;55.33333206;-186;2;1
10016;201;-88.5;56.5;-186;2;1
10066;202;-88.5;54.16666794;-186;2;1
10220;203;-87.5;51.83333206;-185.8333282;2;1
10243;204;-87.5;51.83333206;-185.8333282;2;1
10279;205;-90.16666411999999;54.5;-185.3333282;2;1
10298;206;-87.33333588000001;54.5;-187.5;2;1
10338;207;-87.33333588000001;54.5;-187.5;2;1
10427;208;-89.83333588000001;54.5;-186.3333282;2;1
10544;209;-89.16666411999999;54.33333206;-188.5;2;1
10560;210;-89.16666411999999;54.33333206;-188.5;2;1
10589;211;-39;48.66666794;-182.8333282;2;1
10624;212;-39;48.66666794;-182.8333282;2;1
10649;213;-85.83333588000001;50.5;-185.3333282;2;1
10673;214;-85.83333588000001;50.5;-185.3333282;2;1
10698;215;-88.33333588000001;52.66666794;-183.8333282;2;1
10736;216;-89.83333588000001;50.5;-184.5;2;1
10791;217;-88.83333588000001;54.66666794;-186.1666718;2;1
10896;218;-89.16666411999999;54.66666794;-188.1666718;2;1
10940;219;-87.16666411999999;56.33333206;-183.8333282;2;1
10987;220;-88.5;54.5;-186.8333282;2;1
11032;221;-87;53.66666794;-186.8333282;2;1
11101;222;-89.16666411999999;55.83333206;-185.8333282;2;1
11144;223;-88.83333588000001;55.16666794;-188.1666718;2;1
11176;224;-86.33333588000001;50.66666794;-183.1666718;2;1
11225;225;-88.33333588000001;55.83333206;-186.6666718;2;1
11276;226;-88.83333588000001;55.16666794;-185.5;2;1
11326;227;-87.83333588000001;56.5;-185.3333282;2;1
11374;228;-87.83333588000001;55.33333206;-186.8333282;2;1
11430;229;-88.5;53.33333206;-185.6666718;2;1
11474;230;-88.33333588000001;56.33333206;-186.1666718;2;1
11530;231;-89.16666411999999;53.83333206;-188.5;2;1
11576;232;-88.16666411999999;56.83333206;-186;2;1
11685;233;-88.5;54.16666794;-186.3333282;2;1
11716;234;-88.33333588000001;57.16666794;-187;2;1
11735;235;-88.33333588000001;57.16666794;-187;2;1
11813;236;-87.5;54.33333206;-188.1666718;2;1
11869;237;-88.33333588000001;54.66666794;-186.6666718;2;1
11908;238;-88.33333588000001;54.66666794;-186.6666718;2;1
11981;239;-88.33333588000001;55.83333206;-186.6666718;2;1
12025;240;-89.16666411999999;53.83333206;-187;2;1
12045;241;-89.16666411999999;53.83333206;-187;2;1
12069;242;-88;55.83333206;-187.3333282;2;1
12105;243;-88.33333588000001;54.66666794;-190;2;1
12179;244;-87.83333588000001;53.66666794;-184.1666718;2;1
12224;245;-89;54.16666794;-186.8333282;2;1
12258;246;-89.16666411999999;53.16666794;-187;2;1
12303;247;-86.5;55.33333206;-188;2;1
12666;248;-89;52.83333206;-186.3333282;2;1
12706;249;-90.33333588000001;52.66666794;-184.6666718;2;1
12758;250;-91.33333588000001;55.33333206;-185.6666718;2;1
12789;251;-91.33333588000001;55.33333206;-185.6666718;2;1
12827;252;-91.33333588000001;55.33333206;-185.6666718;2;1
12874;253;-89.83333588000001;53.66666794;-185.6666718;2;1
12895;254;-89.83333588000001;54.83333206;-186;2;1
12934;255;-89.83333588000001;52.83333206;-188;2;1
12977;256;-88.16666411999999;54.5;-186.3333282;2;1
13026;257;-88.16666411999999;54.5;-186.3333282;2;1
13051;258;-88.83333588000001;54.33333206;-185.8333282;2;1
13087;259;-88.83333588000001;55.83333206;-185.5;2;1
13155;260;-88.5;54.5;-186.8333282;2;1
13220;261;-89.83333588000001;53.66666794;-186;2;1
13231;262;-89.83333588000001;53.66666794;-186;2;1
13266;263;-89.83333588000001;53.66666794;-186;2;1
13315;264;-88.5;53.33333206;-185.6666718;2;1
13335;265;-88.83333588000001;53.83333206;-187.3333282;2;1
13352;266;-88.83333588000001;53.83333206;-187.3333282;2;1
13422;267;-89.83333588000001;54.83333206;-186.3333282;2;1
13471;268;-88.16666411999999;55.33333206;-187.1666718;2;1
13528;269;-86;54.33333206;-185.8333282;2;1
13571;270;-87.83333588000001;54.5;-186.3333282;2;1
13597;271;-87.83333588000001;54.5;-186.3333282;2;1
13619;272;-88.16666411999999;54.16666794;-186.8333282;2;1
13728;273;-89.83333588000001;54.5;-185.6666718;2;1
13753;274;-89.16666411999999;55.16666794;-186.6666718;2;1
13785;275;-89.16666411999999;55.16666794;-186.6666718;2;1
13806;276;-86.16666411999999;54.5;-187.5;2;1
13849;277;-86.16666411999999;54.5;-187.5;2;1
13877;278;-89.5;56.66666794;-186.6666718;2;1
13913;279;-90;55.5;-185.8333282;2;1
13987;280;-88.16666411999999;53.33333206;-186;2;1
14053;281;-88.33333588000001;54.33333206;-183.5;2;1
14092;282;-89;52.16666794;-183.3333282;2;1
14158;283;-88;53.5;-184.6666718;2;1
14204;284;-89;55.33333206;-184.5;2;1
14242;285;-89.83333588000001;55.66666794;-185.3333282;2;1
14274;286;-89.83333588000001;55.66666794;-185.3333282;2;1
14306;287;-88;53.83333206;-185;2;1
14348;288;-89;54.16666794;-184.5;2;1
14405;289;-88.33333588000001;54.33333206;-185.5;2;1
14447;290;-89.33333588000001;55.33333206;-183.6666718;2;1
14501;291;-41;51.5;-180;2;1
14554;292;-38;44.5;-174.5;2;1
14603;293;-88;52.66666794;-184.6666718;2;1
14653;294;-42.33333206;43;-174.1666718;2;1
14703;295;-92.5;53.33333206;-184.5;2;1
14757;296;-90.83333588000001;55.83333206;-184.6666718;2;1
14838;297;-86.83333588000001;55.83333206;-183.1666718;2;1
14923;298;-88.33333588000001;55.16666794;-186.6666718;2;1
14994;299;-91;55.33333206;-186;2;1
15008;300;-91;55.33333206;-186;2;1
182;0;0.912353516;-0.105957031;-0.315185547;0;2
233;1;0.927978516;-0.114257813;-0.305664063;0;2
239;2;0.927978516;-0.114257813;-0.305664063;0;2
573;3;1.006347656;-0.178222656;-0.249511719;0;2
607;4;0.909179688;-0.217285156;-0.318847656;0;2
647;5;0.955810547;-0.178955078;-0.315917969;0;2
677;6;0.955810547;-0.178955078;-0.315917969;0;2
697;7;0.907958984;-0.253662109;-0.332763672;0;2
718;8;0.907958984;-0.253662109;-0.332763672;0;2
755;9;0.907958984;-0.253662109;-0.332763672;0;2
759;10;0.907958984;-0.253662109;-0.332763672;0;2
764;11;0.907958984;-0.253662109;-0.332763672;0;2
793;12;0.913574219;-0.165039063;-0.319091797;0;2
821;13;0.913574219;-0.165039063;-0.319091797;0;2
846;14;0.906982422;-0.179199219;-0.317871094;0;2
871;15;0.906982422;-0.179199219;-0.317871094;0;2
901;16;0.967041016;-0.16796875;-0.244384766;0;2
925;17;0.949951172;-0.165527344;-0.325927734;0;2
978;18;0.933105469;-0.167480469;-0.325683594;0;2
1027;19;0.940917969;-0.197998047;-0.338623047;0;2
1072;20;0.9140625;-0.187988281;-0.329345703;0;2
1123;21;0.911132813;-0.214599609;-0.245849609;0;2
1169;22;0.922119141;-0.215087891;-0.343261719;0;2
1220;23;0.908691406;-0.1640625;-0.336914063;0;2
1267;24;0.910400391;-0.218017578;-0.318847656;0;2
1318;25;0.955566406;-0.173339844;-0.329833984;0;2
1368;26;0.91015625;-0.163085938;-0.332519531;0;2
1413;27;0.961914063;-0.175048828;-0.340820313;0;2
1462;28;0.961914063;-0.171142578;-0.322998047;0;2
1510;29;0.955078125;-0.158691406;-0.339355469;0;2
1561;30;0.96484375;-0.166259766;-0.33984375;0;2
1609;31;0.967773438;-0.170654297;-0.301513672;0;2
1658;32;0.964355469;-0.256103516;-0.298583984;0;2
1705;33;0.961181641;-0.186523438;-0.293457031;0;2
1755;34;0.873291016;-0.202636719;-0.326660156;0;2
1830;35;0.96484375;-0.162109375;-0.291748047;0;2
1896;36;0.952148438;-0.257568359;-0.291992188;0;2
1922;37;0.867919922;-0.181152344;-0.342773438;0;2
1949;38;0.966552734;-0.258300781;-0.343261719;0;2
1998;39;0.959960938;-0.266845703;-0.281738281;0;2
2048;40;0.948242188;-0.185791016;-0.285644531;0;2
2096;41;0.938232422;-0.278564453;-0.313964844;0;2
2154;42;0.943847656;-0.341308594;-0.378173828;0;2
2198;43;0.868896484;-0.213623047;-0.328857422;0;2
2243;44;1.008544922;-0.107421875;-0.364501953;0;2
2291;45;0.941650391;-0.121337891;-0.439208984;0;2
2341;46;0.966064453;-0.110351563;-0.247558594;0;2
2388;47;0.958007813;-0.198242188;-0.396240234;0;2
2440;48;0.852539063;-0.138427734;-0.338134766;0;2
2485;49;0.812988281;-0.168945313;-0.324707031;0;2
2536;50;1.209472656;-0.319824219;-0.430908203;0;2
2584;51;0.791259766;-0.3203125;-0.297851563;0;2
2632;52;0.899414063;-0.185546875;-0.298828125;0;2
2729;53;0.95703125;-0.234863281;-0.393554688;0;2
2787;54;0.899169922;-0.152832031;-0.308349609;0;2
2829;55;0.671142578;-0.103027344;-0.179931641;0;2
2879;56;1.126953125;-0.108154297;-0.457275391;0;2
2925;57;0.856689453;-0.328613281;-0.410888672;0;2
2976;58;0.945556641;-0.012451172;-0.1640625;0;2
3023;59;0.790771484;-0.339111328;-0.402832031;0;2
3073;60;1.075927734;-0.068603516;-0.286376953;0;2
3119;61;0.872070313;-0.252441406;-0.3046875;0;2
3173;62;0.788574219;-0.220703125;-0.331054688;0;2
3228;63;0.887451172;-0.241210938;-0.279296875;0;2
3270;64;0.877441406;-0.2109375;-0.440185547;0;2
3318;65;0.811279297;-0.314697266;-0.303222656;0;2
3363;66;0.845703125;-0.061767578;-0.343261719;0;2
3411;67;0.907714844;-0.228759766;-0.303955078;0;2
3461;68;0.756591797;0.030761719;-0.258300781;0;2
3513;69;0.699707031;-0.036132813;-0.222412109;0;2
3558;70;0.418701172;0.119873047;-0.09912109400000001;0;2
3609;71;-0.137451172;0.68359375;-0.171386719;0;2
3657;72;-0.09814453099999999;-0.51953125;-0.411865234;0;2
3706;73;-0.347900391;-0.052490234;-0.145019531;0;2
3754;74;0.182617188;-0.085205078;0.103759766;0;2
3802;75;0.486572266;0.428955078;-0.58203125;0;2
3850;76;0.936279297;0.853759766;-0.179443359;0;2
3899;77;1.255126953;2.174560547;-0.096679688;0;2
3950;78;2.312988281;3.551513672;-0.938964844;0;2
4049;79;-0.3984375;1.091796875;0.244140625;0;2
4057;80;-0.3984375;1.091796875;0.244140625;0;2
4095;81;-0.734863281;0.177001953;0.51953125;0;2
4143;82;-0.08349609400000001;0.251464844;0.510986328;0;2
4198;83;-0.469726563;0.492431641;0.394042969;0;2
4242;84;-0.26171875;0.059326172;0.293701172;0;2
4290;85;-0.516601563;0.386962891;0.445556641;0;2
4338;86;-0.288085938;0.98046875;0.295898438;0;2
4387;87;-0.115722656;1.346923828;0.289794922;0;2
4438;88;-0.129394531;1.420898438;0.470947266;0;2
4484;89;-0.09521484400000001;1.271240234;0.294189453;0;2
4584;90;0.009277344;1.062744141;0.323730469;0;2
4590;91;0.009277344;1.062744141;0.323730469;0;2
4632;92;0.485595703;0.480957031;-0.192138672;0;2
4728;93;0.354248047;0.928222656;-0.156982422;0;2
4778;94;0.229980469;1.078369141;-0.031982422;0;2
4825;95;0.298828125;1.022216797;-0.09814453099999999;0;2
4874;96;0.177734375;0.955078125;-0.083007813;0;2
4924;97;0.146972656;0.782714844;0.108642578;0;2
4975;98;0.040771484;0.916503906;0.189697266;0;2
5021;99;0.052734375;1.055419922;0.170654297;0;2
5073;100;0.09912109400000001;0.984375;0.259765625;0;2
5120;101;0.102783203;0.982177734;0.252929688;0;2
5170;102;0.107421875;0.928710938;0.166503906;0;2
5216;103;0.198242188;0.937744141;0.12109375;0;2
5263;104;0.166992188;0.968261719;0.145507813;0;2
5313;105;0.183349609;0.930664063;0.145751953;0;2
5363;106;0.173583984;1.003173828;0.115478516;0;2
5411;107;0.157714844;1.015380859;0.201660156;0;2
5460;108;0.197998047;0.922363281;0.159179688;0;2
5508;109;0.203613281;0.916748047;0.21875;0;2
5575;110;0.190917969;1.000976563;0.159179688;0;2
5608;111;0.118408203;1.010253906;0.161376953;0;2
5671;112;0.192138672;1.009521484;0.208740234;0;2
5703;113;0.206542969;0.924560547;0.191650391;0;2
5751;114;0.216308594;0.922363281;0.123779297;0;2
5803;115;0.161132813;0.931152344;0.118164063;0;2
5850;116;0.157226563;0.920654297;0.120849609;0;2
5904;117;0.215087891;0.933837891;0.125;0;2
5951;118;0.212158203;0.936035156;0.208007813;0;2
5998;119;0.208984375;0.929443359;0.198730469;0;2
6061;120;0.212402344;1.00390625;0.198974609;0;2
6158;121;0.206787109;0.925537109;0.192626953;0;2
6189;122;0.206787109;0.925537109;0.192626953;0;2
6226;123;0.203857422;0.920654297;0.122558594;0;2
6248;124;0.201660156;0.928955078;0.200927734;0;2
6293;125;0.202880859;0.932128906;0.192626953;0;2
6337;126;0.214355469;0.925292969;0.190673828;0;2
6390;127;0.210205078;0.936767578;0.202148438;0;2
6452;128;0.216796875;0.931396484;0.193847656;0;2
6495;129;0.213134766;0.924804688;0.213867188;0;2
6562;130;0.208496094;0.930175781;0.213623047;0;2
6600;131;0.215576172;0.930419922;0.165039063;0;2
6739;132;0.214599609;0.932128906;0.160644531;0;2
6766;133;0.214599609;0.932128906;0.160644531;0;2
6786;134;0.208740234;0.933349609;0.160400391;0;2
6828;135;0.215332031;0.931396484;0.209960938;0;2
6873;136;0.204833984;0.922363281;0.208251953;0;2
6939;137;0.215332031;1.002197266;0.108642578;0;2
6969;138;0.215332031;0.919189453;0.197998047;0;2
7023;139;0.216796875;0.927490234;0.196289063;0;2
7068;140;0.208984375;0.931152344;0.112792969;0;2
7122;141;0.203613281;0.932128906;0.217285156;0;2
7169;142;0.216552734;0.919433594;0.197265625;0;2
7224;143;0.210205078;0.934814453;0.190185547;0;2
7264;144;0.212402344;0.921386719;0.197021484;0;2
7319;145;0.215576172;0.934326172;0.189697266;0;2
7359;146;0.207763672;1.004150391;0.195068359;0;2
7411;147;0.217773438;0.932861328;0.19921875;0;2
7458;148;0.211181641;0.928466797;0.196777344;0;2
7514;149;0.214355469;0.924072266;0.191894531;0;2
7565;150;0.209716797;0.930908203;0.124511719;0;2
7606;151;0.212646484;0.934814453;0.19921875;0;2
7655;152;0.208496094;0.931884766;0.200683594;0;2
7702;153;0.212402344;0.936035156;0.203369141;0;2
7751;154;0.216796875;0.926513672;0.193359375;0;2
7803;155;0.214599609;0.930419922;0.210449219;0;2
7848;156;0.215332031;0.926513672;0.197753906;0;2
7897;157;0.20703125;1.005371094;0.119873047;0;2
7945;158;0.206542969;0.933105469;0.194091797;0;2
7993;159;0.212646484;0.928466797;0.209472656;0;2
8043;160;0.208007813;0.923583984;0.218017578;0;2
8093;161;0.202880859;0.923095703;0.158935547;0;2
8142;162;0.161132813;0.934082031;0.178222656;0;2
8191;163;0.212646484;0.926025391;0.157714844;0;2
8242;164;0.198730469;1.010009766;0.180175781;0;2
8289;165;0.216796875;0.928955078;0.157958984;0;2
8336;166;0.207763672;0.928955078;0.17578125;0;2
8385;167;0.158447266;0.918212891;0.171630859;0;2
8433;168;0.216308594;0.925537109;0.159912109;0;2
8482;169;0.162597656;0.922607422;0.218017578;0;2
8531;170;0.21484375;0.931640625;0.216064453;0;2
8629;171;0.2109375;0.919921875;0.166259766;0;2
8677;172;0.156738281;0.923828125;0.171630859;0;2
8724;173;0.212890625;0.928955078;0.16796875;0;2
8774;174;0.216552734;0.928466797;0.175048828;0;2
8822;175;0.210449219;0.927734375;0.168701172;0;2
8872;176;0.213867188;0.923828125;0.17578125;0;2
8921;177;0.213134766;0.926269531;0.172607422;0;2
8969;178;0.214111328;0.929931641;0.173828125;0;2
9038;179;0.214599609;0.927001953;0.179931641;0;2
9070;180;0.157226563;0.92578125;0.179931641;0;2
9118;181;0.217285156;0.931884766;0.170654297;0;2
9164;182;0.215332031;0.9296875;0.173339844;0;2
9213;183;0.161865234;0.920898438;0.179199219;0;2
9262;184;0.208251953;0.924804688;0.160400391;0;2
9312;185;0.208984375;0.927734375;0.173828125;0;2
9370;186;0.215820313;0.931152344;0.156982422;0;2
9409;187;0.217529297;0.9296875;0.213867188;0;2
9457;188;0.156982422;0.924560547;0.184326172;0;2
9504;189;0.168945313;0.922607422;0.193603516;0;2
9554;190;0.121582031;0.935058594;0.205322266;0;2
9603;191;0.212890625;0.927001953;0.203125;0;2
9660;192;0.200195313;1.008789063;0.214111328;0;2
9752;193;0.202636719;0.926269531;0.204589844;0;2
9757;194;0.202636719;0.926269531;0.204589844;0;2
9798;195;0.204833984;0.931884766;0.19140625;0;2
9846;196;0.210205078;0.929931641;0.205322266;0;2
9911;197;0.2109375;0.934570313;0.204589844;0;2
9944;198;0.206298828;0.9296875;0.210449219;0;2
9994;199;0.204833984;0.935546875;0.210205078;0;2
10042;200;0.208984375;0.924316406;0.211914063;0;2
10177;201;0.200195313;0.930175781;0.198730469;0;2
10234;202;0.2109375;0.931884766;0.200683594;0;2
10258;203;0.207519531;0.933837891;0.215576172;0;2
10299;204;0.199462891;0.928710938;0.206787109;0;2
10323;205;0.199462891;0.928710938;0.206787109;0;2
10373;206;0.204345703;0.930175781;0.197509766;0;2
10476;207;0.200195313;0.933349609;0.195800781;0;2
10545;208;0.196044922;0.936035156;0.196777344;0;2
10575;209;0.196044922;0.936035156;0.196777344;0;2
10641;210;0.199951172;0.931640625;0.19921875;0;2
10664;211;0.199951172;0.931640625;0.19921875;0;2
10690;212;0.205078125;0.927246094;0.197021484;0;2
10729;213;0.201416016;0.935058594;0.197753906;0;2
10772;214;0.199707031;0.933837891;0.204345703;0;2
10821;215;0.197753906;0.933837891;0.199951172;0;2
10877;216;0.197509766;0.928222656;0.207763672;0;2
10923;217;0.196533203;0.935302734;0.200683594;0;2
10972;218;0.204101563;0.923583984;0.193115234;0;2
11024;219;0.20703125;0.935302734;0.197998047;0;2
11065;220;0.192382813;1.000732422;0.199951172;0;2
11117;221;0.200439453;0.931640625;0.156494141;0;2
11164;222;0.206054688;0.927978516;0.197265625;0;2
11218;223;0.206054688;0.929199219;0.208007813;0;2
11264;224;0.203125;0.930419922;0.212158203;0;2
11309;225;0.201660156;0.931884766;0.214355469;0;2
11358;226;0.206542969;0.929199219;0.209716797;0;2
11406;227;0.198486328;0.935302734;0.216308594;0;2
11455;228;0.201660156;0.931152344;0.218261719;0;2
11508;229;0.202636719;0.930419922;0.213134766;0;2
11561;230;0.203369141;0.932128906;0.215087891;0;2
11606;231;0.206054688;0.93359375;0.208740234;0;2
11692;232;0.200195313;0.932617188;0.211425781;0;2
11727;233;0.206298828;0.927734375;0.156738281;0;2
11824;234;0.199707031;0.931884766;0.215332031;0;2
11837;235;0.199707031;0.931884766;0.215332031;0;2
11889;236;0.197509766;0.932373047;0.217285156;0;2
11927;237;0.201904297;0.927734375;0.215576172;0;2
12014;238;0.199707031;0.930664063;0.210693359;0;2
12033;239;0.199707031;0.930664063;0.210693359;0;2
12059;240;0.214355469;0.921875;0.203369141;0;2
12096;241;0.201904297;0.931152344;0.207763672;0;2
12143;242;0.199951172;0.935546875;0.204833984;0;2
12212;243;0.198486328;0.929931641;0.198486328;0;2
12247;244;0.198730469;0.932128906;0.202880859;0;2
12293;245;0.207763672;0.930664063;0.206298828;0;2
12655;246;0.196533203;0.929443359;0.202880859;0;2
12668;247;0.196533203;0.929443359;0.202880859;0;2
12708;248;0.201416016;0.931396484;0.213134766;0;2
12761;249;0.198486328;1.000488281;0.205810547;0;2
12792;250;0.204101563;0.932617188;0.205810547;0;2
12878;251;0.201660156;0.935302734;0.209228516;0;2
12909;252;0.201660156;0.935302734;0.209228516;0;2
12937;253;0.200683594;0.931152344;0.201660156;0;2
12990;254;0.197998047;0.934570313;0.200683594;0;2
13004;255;0.197998047;0.934570313;0.200683594;0;2
13042;256;0.202392578;0.924316406;0.204589844;0;2
13063;257;0.202392578;0.924316406;0.204589844;0;2
13127;258;0.200683594;0.923828125;0.210205078;0;2
13192;259;0.200927734;0.929443359;0.204833984;0;2
13222;260;0.200683594;0.930664063;0.206542969;0;2
13247;261;0.200683594;0.930664063;0.206542969;0;2
13299;262;0.198242188;0.931152344;0.209960938;0;2
13325;263;0.197998047;0.928466797;0.208007813;0;2
13344;264;0.197998047;0.928466797;0.208007813;0;2
13383;265;0.203857422;0.929199219;0.206054688;0;2
13447;266;0.203125;0.933837891;0.208984375;0;2
13539;267;0.199707031;0.933105469;0.209472656;0;2
13560;268;0.201660156;0.926513672;0.207763672;0;2
13573;269;0.201660156;0.926513672;0.207763672;0;2
13609;270;0.206542969;0.931640625;0.204833984;0;2
13693;271;0.193847656;0.935791016;0.20703125;0;2
13745;272;0.196777344;0.930908203;0.212646484;0;2
13775;273;0.198242188;0.934570313;0.209716797;0;2
13795;274;0.200439453;0.929199219;0.206298828;0;2
13829;275;0.200439453;0.929199219;0.206298828;0;2
13869;276;0.201904297;0.9296875;0.202880859;0;2
13906;277;0.204833984;0.928710938;0.209960938;0;2
13962;278;0.202636719;0.931884766;0.216552734;0;2
14010;279;0.210693359;0.926269531;0.203125;0;2
14075;280;0.204101563;0.937011719;0.197753906;0;2
14138;281;0.195800781;0.927978516;0.209472656;0;2
14186;282;0.211669922;0.937011719;0.204101563;0;2
14229;283;0.211669922;0.937011719;0.204101563;0;2
14265;284;0.123291016;0.9296875;0.158203125;0;2
14297;285;0.206298828;0.93359375;0.161376953;0;2
14341;286;0.193359375;0.928222656;0.165771484;0;2
14395;287;0.206054688;0.927734375;0.217041016;0;2
14492;288;0.190917969;0.929443359;0.210693359;0;2
14540;289;0.199951172;0.936035156;0.1953125;0;2
14577;290;0.194091797;0.936279297;0.212158203;0;2
14641;291;0.201904297;0.931152344;0.216064453;0;2
14693;292;0.195068359;1.004882813;0.214111328;0;2
14738;293;0.124755859;0.936035156;0.157470703;0;2
14789;294;0.194580078;0.934814453;0.156738281;0;2
14827;295;0.199707031;0.934326172;0.211669922;0;2
14891;296;0.206054688;0.932373047;0.217773438;0;2
14983;297;0.198730469;0.931640625;0.208251953;0;2
15001;298;0.198730469;0.931640625;0.208251953;0;2
186;1;2.921875;-5.40625;18.109375;1;2
236;2;-6.65625;-11.78125;-3.96875;1;2
242;3;-6.65625;-11.78125;-3.96875;1;2
575;4;-6.6875;-11.296875;13.9609375;1;2
608;5;4.484375;1.28125;-2.328125;1;2
651;6;3.1796875;1.21875;-2.90625;1;2
678;7;3.1796875;1.21875;-2.90625;1;2
699;8;1.7890625;1.1171875;-2.703125;1;2
719;9;1.7890625;1.1171875;-2.703125;1;2
756;10;1.7890625;1.1171875;-2.703125;1;2
760;11;1.7890625;1.1171875;-2.703125;1;2
766;12;1.7890625;1.1171875;-2.703125;1;2
797;13;2.1171875;4.03125;0.0546875;1;2
822;14;2.1171875;4.03125;0.0546875;1;2
848;15;0.1796875;4.578125;0.75;1;2
873;16;0.1796875;4.578125;0.75;1;2
903;17;2.21875;1.453125;2.03125;1;2
927;18;-4.03125;-0.28125;1.15625;1;2
980;19;-7.9765625;-2.8046875;1.8125;1;2
1029;20;-5.8359375;-1.6015625;2.5;1;2
1073;21;-3.921875;-6.8203125;2.234375;1;2
1126;22;-2.78125;-8.5078125;0.015625;1;2
1173;23;-1.953125;-3.78125;0.1328125;1;2
1222;24;-1.3125;0.0625;-2.28125;1;2
1271;25;-2.5;0.7890625;-2.6796875;1;2
1321;26;-1.21875;0.4921875;-2.2109375;1;2
1372;27;-2.3046875;2.09375;-2.1640625;1;2
1414;28;-1.8125;-0.40625;-2.0625;1;2
1465;29;-4.5625;-0.421875;-2.0859375;1;2
1511;30;-4.5625;-0.71875;-1.1171875;1;2
1563;31;-2.3828125;-1.828125;-1.8515625;1;2
1611;32;-0.96875;-1.46875;-2.7421875;1;2
1660;33;-4;-6.4375;-2.2890625;1;2
1707;34;-5.65625;-2.484375;-0.59375;1;2
1759;35;-5.2890625;2.4296875;-2.3125;1;2
1862;36;-0.9375;-3.0625;-2.65625;1;2
1900;37;-5.28125;-6.9765625;-3.6953125;1;2
1923;38;-5.90625;-4.8125;-3.28125;1;2
1952;39;2.28125;-5.140625;-0.7109375;1;2
2001;40;3.5546875;-0.953125;-2.5625;1;2
2050;41;14.578125;0.640625;-6.796875;1;2
2098;42;22.6875;1.21875;-3.3359375;1;2
2156;43;19.1796875;-0.71875;1.8515625;1;2
2201;44;19.15625;4.5859375;9.796875;1;2
2245;45;10.046875;-6.5;7.359375;1;2
2295;46;3.21875;4.84375;-2.6875;1;2
2343;47;2.2890625;2.7578125;-0.1328125;1;2
2393;48;-15.171875;1.5234375;4.359375;1;2
2442;49;-10;-2.703125;-17.9921875;1;2
2489;50;3.4921875;-2.0390625;-7.1015625;1;2
2538;51;15.7578125;-8.96875;-0.9375;1;2
2586;52;-1.9296875;12.6796875;-2.9140625;1;2
2634;53;-4.7421875;-6.390625;8.3359375;1;2
2733;54;-30.4921875;-1.625;16.84375;1;2
2790;55;-33.1953125;-10.9375;18.703125;1;2
2831;56;-5.6640625;-14.1171875;18.9140625;1;2
2881;57;14.125;-29.7265625;14.546875;1;2
2927;58;-4.140625;-5.015625;4.5;1;2
2978;59;14.0625;-2.9921875;-6.6328125;1;2
3032;60;21.875;-18.6171875;-0.7890625;1;2
3075;61;29.6640625;2.5078125;0.0859375;1;2
3121;62;36.28125;11.1796875;1.4609375;1;2
3175;63;34.9921875;-2.6171875;6.2265625;1;2
3233;64;14.578125;12.234375;22.78125;1;2
3275;65;14.828125;-4.296875;32.1640625;1;2
3320;66;-2.4921875;1.3046875;29.9296875;1;2
3365;67;0.8828125;0.5;32.0859375;1;2
3413;68;-12.234375;-13.5390625;27.4765625;1;2
3464;69;6.671875;0.109375;47.984375;1;2
3515;70;15.484375;-21.7890625;41.625;1;2
3560;71;40.75;-7.6875;32.3828125;1;2
3612;72;167.546875;18.4375;19.2109375;1;2
3659;73;151.2109375;-5.078125;84.7265625;1;2
3709;74;-3.859375;-34.7734375;95.0546875;1;2
3756;75;-20.0625;-19.96875;135.9453125;1;2
3806;76;55.40625;-57.0078125;98.5234375;1;2
3851;77;162.140625;54.125;114.5859375;1;2
3903;78;170.703125;-46.0625;150.4921875;1;2
3952;79;230.3828125;-58.5078125;253.9921875;1;2
4053;80;49.9921875;95.015625;197.7890625;1;2
4058;81;49.9921875;95.015625;197.7890625;1;2
4098;82;-41.34375;47.1171875;90.765625;1;2
4145;83;-75.734375;17.875;-3.4375;1;2
4202;84;-7.5859375;-3.90625;9.671875;1;2
4244;85;72.9296875;-11.265625;18.5546875;1;2
4293;86;27.1953125;12.28125;-32.234375;1;2
4340;87;6.5859375;5.4296875;-62.71875;1;2
4391;88;5.2890625;14.984375;-83.546875;1;2
4441;89;-34.5859375;42.9921875;-46.78125;1;2
4486;90;-36.234375;16.1328125;-55.5234375;1;2
4586;91;-70.75;-9.53125;-85.3046875;1;2
4591;92;-70.75;-9.53125;-85.3046875;1;2
4634;93;-133.75;-2.6796875;-3.9375;1;2
4730;94;23.859375;8.4375;0.8671875;1;2
4779;95;21.109375;-1.015625;33.7421875;1;2
4831;96;-7.4609375;-20.875;7.5390625;1;2
4876;97;27.1875;4.5859375;3.9921875;1;2
4927;98;13.5703125;16.8359375;-4.140625;1;2
4977;99;24.546875;-1.1640625;0.9375;1;2
5027;100;37.015625;-6.2890625;-1.40625;1;2
5079;101;8.2265625;5.859375;-2.953125;1;2
5124;102;10.421875;5.890625;-6.9296875;1;2
5173;103;-8.4140625;4.8125;-3.6484375;1;2
5219;104;-12.203125;1.2734375;-5.59375;1;2
5267;105;-8.1796875;3.5390625;-8.6328125;1;2
5314;106;2.3671875;5.8203125;-4.625;1;2
5365;107;4.9375;6.359375;0.2890625;1;2
5418;108;7.4453125;1.40625;-0.328125;1;2
5463;109;8.4765625;-6.96875;1.984375;1;2
5511;110;4.9375;-14.0859375;2.9921875;1;2
5578;111;2.78125;-8.03125;1.3203125;1;2
5610;112;-6.5390625;-12.4765625;0.8671875;1;2
5672;113;-7.4609375;-7.984375;-2.875;1;2
5707;114;-5.859375;-8.4296875;-1.7890625;1;2
5754;115;-6.3828125;-3.4375;-2.7734375;1;2
5805;116;-1.765625;-4.0390625;-2.15625;1;2
5855;117;-0.71875;-0.75;0.5625;1;2
5906;118;1.8828125;6.0078125;-0.9609375;1;2
5954;119;2.046875;3.609375;-0.84375;1;2
6001;120;-2.3125;5.15625;-0.8203125;1;2
6063;121;-1.90625;10.9296875;-2.46875;1;2
6162;122;-12.609375;8.890625;-2.078125;1;2
6193;123;-12.609375;8.890625;-2.078125;1;2
6230;124;-5.5078125;11.046875;-2.3046875;1;2
6251;125;-1.515625;4.2421875;0.7578125;1;2
6294;126;-0.7734375;2.6015625;-2.6875;1;2
6339;127;2.65625;1.734375;-2.515625;1;2
6398;128;3.5703125;2.140625;-2.984375;1;2
6454;129;6.8515625;1.6953125;-2.5234375;1;2
6496;130;4.484375;5.15625;-1.578125;1;2
6564;131;1.5546875;7.453125;-2.828125;1;2
6603;132;-0.421875;8.7890625;-2.421875;1;2
6745;133;-3.4453125;0.28125;-0.921875;1;2
6767;134;-3.4453125;0.28125;-0.921875;1;2
6788;135;-8.6171875;-1.984375;-0.0625;1;2
6831;136;-9.7890625;-2.0234375;-0.1484375;1;2
6877;137;-9.3828125;2.65625;-0.6484375;1;2
6941;138;-8.421875;4.6796875;-2.2265625;1;2
6972;139;-6.96875;7.3828125;-0.09375;1;2
7024;140;-5.625;-0.7421875;-2.1953125;1;2
7071;141;-4.90625;7.828125;2.421875;1;2
7124;142;-0.5390625;1.5546875;-2.71875;1;2
7174;143;-2.703125;3.6953125;0.3984375;1;2
7226;144;-1.515625;1.109375;0.8359375;1;2
7266;145;-1.5546875;0.96875;0.8359375;1;2
7321;146;0.796875;-0.203125;0.8046875;1;2
7361;147;0.5546875;2.2421875;0.8671875;1;2
7414;148;-1.671875;-0.25;0.3046875;1;2
7461;149;-2.8203125;-0.796875;0.5703125;1;2
7516;150;0.3984375;-0.4140625;0.1484375;1;2
7571;151;-2.1484375;0.8984375;0.921875;1;2
7609;152;0.5234375;-0.03125;0.0703125;1;2
7659;153;0.9296875;2.953125;-2.109375;1;2
7704;154;-1.25;-0.5234375;0.234375;1;2
7754;155;-2.7578125;-0.4375;0.9921875;1;2
7805;156;-1.6875;-2.46875;-0.859375;1;2
7851;157;-1.828125;-0.1328125;2.359375;1;2
7899;158;-0.8671875;0.96875;-0.875;1;2
7947;159;2.28125;2.7734375;0.1484375;1;2
7997;160;1.015625;4.328125;-2.3984375;1;2
8045;161;1.765625;2.9375;0.453125;1;2
8094;162;5.5390625;0.84375;0.40625;1;2
8145;163;10.6484375;-14.296875;-0.0703125;1;2
8198;164;1.1796875;0.3203125;-0.4296875;1;2
8243;165;4.1796875;-7.0234375;-2.3828125;1;2
8294;166;-1.1015625;-9.1484375;0.84375;1;2
8338;167;-0.046875;-7.171875;0.8671875;1;2
8387;168;-2.984375;-14.515625;0.5390625;1;2
8436;169;-4.6015625;-8.671875;-0.3125;1;2
8485;170;-4.2265625;-6.3125;-0.8203125;1;2
8534;171;-2.4296875;-0.09375;-0.90625;1;2
8630;172;0.4765625;1.3828125;0.03125;1;2
8679;173;0.4296875;4.359375;0.5625;1;2
8733;174;-2.0703125;1.734375;0.4296875;1;2
8777;175;0.25;1.859375;0.1484375;1;2
8825;176;-2.046875;4.5234375;0.5703125;1;2
8874;177;-2.46875;4.4921875;0.421875;1;2
8922;178;-2.6171875;4.1640625;0.5703125;1;2
8970;179;-2.09375;1.078125;0.125;1;2
9043;180;-2.8671875;2.3125;0.3671875;1;2
9072;181;-2.84375;-0.0234375;0.8125;1;2
9119;182;-4.1484375;0.71875;0.6328125;1;2
9168;183;-3.9609375;2.28125;0.921875;1;2
9214;184;-5.6171875;0.65625;0.8671875;1;2
9265;185;-4.234375;2.5078125;-0.1328125;1;2
9315;186;-3.078125;1.1796875;0.75;1;2
9372;187;-6.921875;2.53125;0.9453125;1;2
9412;188;-5.5703125;4.1953125;0.8203125;1;2
9460;189;-3.640625;-0.296875;-0.4453125;1;2
9508;190;-11.8125;-4.25;1.9609375;1;2
9556;191;-0.7578125;1.40625;2.4921875;1;2
9604;192;-2.71875;-0.28125;0.6875;1;2
9661;193;-4.0234375;0.7421875;-0.8203125;1;2
9753;194;-1.4765625;-0.5078125;0.828125;1;2
9759;195;-1.4765625;-0.5078125;0.828125;1;2
9801;196;-1.203125;2.1640625;0.3984375;1;2
9849;197;-2.15625;-0.7890625;0.7265625;1;2
9913;198;-2.2734375;-0.53125;0.53125;1;2
9946;199;-2.8515625;-0.4453125;-0.9296875;1;2
10001;200;-1.15625;-0.671875;0.71875;1;2
10044;201;-3.890625;0.4609375;-0.5390625;1;2
10188;202;-2.265625;-0.8046875;0.765625;1;2
10236;203;-1.625;4.1796875;-1;1;2
10270;204;-6.8046875;4.0390625;-0.8828125;1;2
10301;205;-4.0078125;-0.328125;-0.71875;1;2
10324;206;-4.0078125;-0.328125;-0.71875;1;2
10377;207;-1.6328125;0.734375;-0.8828125;1;2
10480;208;-3.0234375;2.0625;-0.5703125;1;2
10547;209;-2.2109375;-0.4453125;0.484375;1;2
10577;210;-2.2109375;-0.4453125;0.484375;1;2
10644;211;-2.765625;-0.8046875;0.9140625;1;2
10665;212;-2.765625;-0.8046875;0.9140625;1;2
10691;213;-1.3203125;-0.1328125;0.3828125;1;2
10731;214;-4.2578125;1.4453125;-0.9375;1;2
10776;215;-1.421875;1.1640625;-0.7421875;1;2
10823;216;-2.3359375;-0.25;0.9140625;1;2
10880;217;-1.15625;-0.1640625;0.9140625;1;2
10925;218;0.3515625;0.5;0.0546875;1;2
10974;219;-1.328125;2.515625;0.875;1;2
11025;220;-2.4453125;-0.0859375;0.984375;1;2
11070;221;-1.625;4.546875;-2.015625;1;2
11121;222;-0.65625;4.578125;-2.3984375;1;2
11166;223;-2.0703125;1.28125;0.1953125;1;2
11220;224;0.453125;2.171875;0.5859375;1;2
11265;225;0.8828125;0.296875;0.7578125;1;2
11312;226;-0.15625;0.234375;-0.671875;1;2
11359;227;-2.140625;0.03125;-0.5625;1;2
11407;228;-2.109375;0.7421875;0.4453125;1;2
11456;229;-2.78125;-0.6328125;0.8125;1;2
11516;230;-2.671875;-2.1328125;0.1875;1;2
11562;231;-2.8515625;-2.484375;0.6484375;1;2
11609;232;-2.8359375;0.6875;0.796875;1;2
11693;233;-2.3984375;0.921875;0.875;1;2
11728;234;-1.0859375;0.640625;-0.7265625;1;2
11829;235;0.78125;-4.484375;0.90625;1;2
11839;236;0.78125;-4.484375;0.90625;1;2
11893;237;-1.140625;-2.6640625;-0.5390625;1;2
11929;238;-1.3125;-1.7109375;-0.8515625;1;2
12017;239;-2.4921875;-6.140625;0.203125;1;2
12034;240;-2.4921875;-6.140625;0.203125;1;2
12061;241;-2.5625;-5.9609375;-0.859375;1;2
12098;242;-4.4140625;-3.890625;-0.2109375;1;2
12151;243;-3.1015625;-1.8671875;-0.0859375;1;2
12214;244;-4.109375;-2.734375;-0.8671875;1;2
12252;245;-2.890625;0.9296875;0.6328125;1;2
12295;246;-2.2421875;0.84375;0.546875;1;2
12656;247;0.390625;2.765625;-0.984375;1;2
12669;248;0.390625;2.765625;-0.984375;1;2
12709;249;0;-0.4375;0.4609375;1;2
12762;250;-2.484375;-0.421875;0.75;1;2
12794;251;-2.6640625;0.9453125;0.484375;1;2
12879;252;-1.28125;0.6640625;0.5390625;1;2
12912;253;-1.28125;0.6640625;0.5390625;1;2
12938;254;-1.4609375;0.34375;0.1484375;1;2
12992;255;-2.828125;-0.46875;0.265625;1;2
13007;256;-2.828125;-0.46875;0.265625;1;2
13043;257;-2.453125;-0.9140625;0.4140625;1;2
13067;258;-2.453125;-0.9140625;0.4140625;1;2
13134;259;-1.0234375;-0.0546875;0.6015625;1;2
13194;260;-2.6015625;-0.0078125;-0.609375;1;2
13225;261;-1.7109375;0.6484375;-0.5;1;2
13248;262;-1.7109375;0.6484375;-0.5;1;2
13301;263;-2.7890625;-0.5234375;0.875;1;2
13326;264;-1.359375;-0.84375;0.828125;1;2
13347;265;-1.359375;-0.84375;0.828125;1;2
13385;266;-1.1640625;-0.6796875;0.625;1;2
13453;267;-1.375;0.734375;0.3125;1;2
13541;268;-2.21875;0.8203125;0.5078125;1;2
13562;269;-2.8125;0.859375;0.7578125;1;2
13575;270;-2.8125;0.859375;0.7578125;1;2
13612;271;0.203125;0.625;0.65625;1;2
13696;272;-1.234375;-0.1875;-0.7421875;1;2
13746;273;-2.6015625;-0.1171875;0.515625;1;2
13776;274;-2.484375;0.96875;0.2734375;1;2
13798;275;-1.078125;0.8671875;0.4765625;1;2
13832;276;-1.078125;0.8671875;0.4765625;1;2
13871;277;0.21875;-0.7265625;0.3046875;1;2
13907;278;0.1796875;2.734375;-2.0078125;1;2
13964;279;0.1484375;-0.7578125;0.6328125;1;2
14015;280;-3.0078125;2.15625;0.984375;1;2
14077;281;-9.9375;8.703125;2.21875;1;2
14141;282;4.140625;2.703125;-2.578125;1;2
14190;283;-2.3515625;0.703125;0.7109375;1;2
14230;284;-2.3515625;0.703125;0.7109375;1;2
14267;285;0.890625;4.4765625;-0.390625;1;2
14299;286;4.7265625;0.2734375;0.546875;1;2
14342;287;-2.7421875;0.046875;0.3671875;1;2
14397;288;-1.4296875;0.8671875;-0.5;1;2
14494;289;-3.640625;2.046875;2.1171875;1;2
14542;290;-4.3515625;4.0078125;-0.34375;1;2
14583;291;-2.8515625;1.7109375;-0.59375;1;2
14644;292;-2.203125;1.921875;0.1484375;1;2
14696;293;0.5625;2.2890625;-2.09375;1;2
14741;294;0.109375;1.5234375;-2.5703125;1;2
14796;295;-2.859375;0.4140625;-2.8203125;1;2
14828;296;0.4140625;0.0234375;-1.578125;1;2
14893;297;-1.21875;-2.234375;-2.671875;1;2
14986;298;-2.9296875;0.6875;0.3203125;1;2
15002;299;-2.9296875;0.6875;0.3203125;1;2
187;1;-114.3333359;42.16666794;76.16666411999999;2;2
237;2;-117;42.16666794;75.33333588000001;2;2
243;3;-117;42.16666794;75.33333588000001;2;2
582;4;-114.3333359;42.16666794;75.33333588000001;2;2
612;5;-111.5;87.66666411999999;75.33333588000001;2;2
652;6;-113;40.16666794;75.66666411999999;2;2
679;7;-113;40.16666794;75.66666411999999;2;2
700;8;-114.5;85.5;76;2;2
734;9;-114.5;85.5;76;2;2
757;10;-114.5;85.5;76;2;2
762;11;-114.5;85.5;76;2;2
767;12;-114.5;85.5;76;2;2
799;13;-115.8333359;41;74.16666411999999;2;2
823;14;-115.8333359;41;74.16666411999999;2;2
849;15;-113.6666641;85.5;76.33333588000001;2;2
876;16;-113.6666641;85.5;76.33333588000001;2;2
904;17;-115;86.83333588000001;75;2;2
929;18;-113.3333359;42;75.5;2;2
982;19;-114.6666641;42.16666794;76.5;2;2
1030;20;-115.8333359;87.33333588000001;75;2;2
1074;21;-113.6666641;42;75.16666411999999;2;2
1128;22;-114.5;41.66666794;76.33333588000001;2;2
1175;23;-114.3333359;85.66666411999999;76.16666411999999;2;2
1223;24;-114.8333359;86.33333588000001;76.66666411999999;2;2
1273;25;-111.3333359;86.66666411999999;76;2;2
1323;26;-112.8333359;85.5;76.33333588000001;2;2
1374;27;-113;41;77.66666411999999;2;2
1415;28;-114;41.16666794;77.5;2;2
1466;29;-111.8333359;41.33333206;76.16666411999999;2;2
1512;30;-114.5;85.5;77.5;2;2
1564;31;-113.3333359;85.5;76.66666411999999;2;2
1613;32;-113.5;85.33333588000001;77.33333588000001;2;2
1661;33;-114;85.83333588000001;78.16666411999999;2;2
1713;34;-115;85.33333588000001;78;2;2
1760;35;-112.6666641;41.33333206;78.5;2;2
1868;36;-114.3333359;41.33333206;78.83333588000001;2;2
1906;37;-112.6666641;41.33333206;78;2;2
1925;38;-113;85.33333588000001;80;2;2
1954;39;-112;85.5;79.83333588000001;2;2
2002;40;-113.8333359;86.83333588000001;78.5;2;2
2052;41;-113.5;41.33333206;78.5;2;2
2100;42;-111.6666641;87;78.66666411999999;2;2
2158;43;-114.6666641;85.66666411999999;79.66666411999999;2;2
2202;44;-111.6666641;42.33333206;78.66666411999999;2;2
2247;45;-114;85.83333588000001;79.83333588000001;2;2
2297;46;-114.5;42.33333206;78.66666411999999;2;2
2344;47;-114.6666641;85.33333588000001;78;2;2
2394;48;-115.3333359;86.33333588000001;78.66666411999999;2;2
2444;49;-113.8333359;85.66666411999999;79.66666411999999;2;2
2490;50;-115.3333359;41.66666794;76.66666411999999;2;2
2539;51;-114.8333359;42.33333206;81;2;2
2589;52;-114.8333359;41.66666794;78.66666411999999;2;2
2635;53;-113.8333359;87.33333588000001;77.66666411999999;2;2
2734;54;-114.3333359;41;75.33333588000001;2;2
2791;55;-117;85.66666411999999;78.5;2;2
2832;56;-115.3333359;41.66666794;77.83333588000001;2;2
2890;57;-117.5;86.83333588000001;80.33333588000001;2;2
2929;58;-115.6666641;40.83333206;79.83333588000001;2;2
2981;59;-118.1666641;85.33333588000001;81.16666411999999;2;2
3033;60;-115.6666641;42;82.16666411999999;2;2
3080;61;-116.1666641;86;82.66666411999999;2;2
3124;62;-117;42.16666794;81.83333588000001;2;2
3177;63;-118.5;41.66666794;78.16666411999999;2;2
3242;64;-120;87;80.5;2;2
3277;65;-118.6666641;42.16666794;78.83333588000001;2;2
3323;66;-119.6666641;41.66666794;77.16666411999999;2;2
3366;67;-123;40.16666794;77.66666411999999;2;2
3415;68;-122.8333359;41.16666794;76;2;2
3465;69;-127.5;85.5;76.66666411999999;2;2
3519;70;-126.5;41.33333206;76.16666411999999;2;2
3562;71;-171.5;39.66666794;75.5;2;2
3613;72;-174.6666718;40.33333206;75.16666411999999;2;2
3662;73;-175.8333282;39.16666794;104;2;2
3712;74;-179.8333282;36.83333206;95.16666411999999;2;2
3757;75;-180.1666718;36.83333206;97.83333588000001;2;2
3809;76;-184;33;95.83333588000001;2;2
3855;77;-186.5;29.16666603;97.5;2;2
3904;78;-189.6666718;25.66666603;87.83333588000001;2;2
3957;79;-152.1666718;24;42.16666794;2;2
4055;80;-190.8333282;55;61;2;2
4059;81;-190.8333282;55;61;2;2
4099;82;-186.5;47.5;58;2;2
4147;83;-185;44.33333206;61.83333206;2;2
4204;84;-181.5;-1;60.33333206;2;2
4246;85;-184.1666718;-0.833333313;62.5;2;2
4294;86;-182;-1.833333373;59.33333206;2;2
4342;87;-181.6666718;-0.833333313;60.66666794;2;2
4393;88;-183.6666718;-0.333333343;60.16666794;2;2
4443;89;-183;43.83333206;56;2;2
4488;90;-185;44.33333206;56.33333206;2;2
4587;91;-188.3333282;48.5;57;2;2
4594;92;-188.3333282;48.5;57;2;2
4635;93;-189.8333282;48.83333206;56.5;2;2
4732;94;-150;52;22;2;2
4781;95;-149.8333282;51.5;23.33333397;2;2
4833;96;-150.8333282;52;23.5;2;2
4877;97;-150.3333282;51.33333206;23.5;2;2
4928;98;-149.6666718;50.5;62.66666794;2;2
4979;99;-149.8333282;49.83333206;62.83333206;2;2
5029;100;-150.1666718;51.5;63.33333206;2;2
5080;101;-189.5;50.16666794;59.66666794;2;2
5126;102;-191.3333282;50.33333206;59.5;2;2
5174;103;-189.6666718;52.33333206;59.83333206;2;2
5221;104;-191.8333282;50.5;58.16666794;2;2
5269;105;-149.6666718;47.66666794;58.5;2;2
5315;106;-191.6666718;49.5;59;2;2
5366;107;-191;51.33333206;58.83333206;2;2
5420;108;-191.6666718;51.83333206;61;2;2
5464;109;-149.8333282;50.66666794;58.66666794;2;2
5513;110;-189.5;49.66666794;58.16666794;2;2
5579;111;-191.3333282;49.83333206;58;2;2
5611;112;-189.3333282;49.5;58.33333206;2;2
5673;113;-190.6666718;51.66666794;56.5;2;2
5708;114;-191.3333282;49.5;58.66666794;2;2
5755;115;-191;52.5;58.16666794;2;2
5806;116;-191.5;50.16666794;57.66666794;2;2
5857;117;-190.1666718;50.66666794;58.66666794;2;2
5909;118;-190.5;49.83333206;59.5;2;2
5959;119;-190.6666718;52;58.5;2;2
6003;120;-191.3333282;51.5;60.16666794;2;2
6069;121;-189.6666718;52.33333206;59;2;2
6163;122;-191.6666718;49.83333206;60.66666794;2;2
6194;123;-191.6666718;49.83333206;60.66666794;2;2
6232;124;-191.5;51.33333206;60.83333206;2;2
6252;125;-149.6666718;51.66666794;59.66666794;2;2
6297;126;-192;51.16666794;59;2;2
6341;127;-189.6666718;51.5;59;2;2
6400;128;-191.6666718;50.66666794;58.33333206;2;2
6455;129;-190.5;49.5;61.83333206;2;2
6499;130;-191.3333282;50.33333206;58.66666794;2;2
6567;131;-185.5;52.83333206;58.5;2;2
6605;132;-190.1666718;51.16666794;58.33333206;2;2
6746;133;-191.5;52;57;2;2
6768;134;-191.5;52;57;2;2
6791;135;-191.3333282;50.66666794;58.33333206;2;2
6832;136;-191.5;49.66666794;58.83333206;2;2
6879;137;-191.8333282;51.66666794;59.66666794;2;2
6945;138;-191.8333282;49.66666794;60.33333206;2;2
6974;139;-191.6666718;50.66666794;60.16666794;2;2
7028;140;-190.8333282;53.83333206;60.16666794;2;2
7073;141;-190.6666718;50.83333206;62.33333206;2;2
7126;142;-190.8333282;50.66666794;61;2;2
7175;143;-189.5;51.66666794;60;2;2
7227;144;-191.6666718;49.83333206;61.83333206;2;2
7268;145;-149.6666718;50.16666794;59.66666794;2;2
7323;146;-191.3333282;49.83333206;62.5;2;2
7363;147;-192;50.33333206;61;2;2
7418;148;-192;52.33333206;61;2;2
7462;149;-190.5;52.66666794;61.33333206;2;2
7517;150;-191.5;52.5;60;2;2
7582;151;-150.1666718;49.83333206;62.5;2;2
7610;152;-191.8333282;51.33333206;62;2;2
7662;153;-191.5;50.16666794;61.16666794;2;2
7705;154;-190.3333282;50.5;61.5;2;2
7756;155;-150;50.5;62;2;2
7807;156;-191.3333282;50.33333206;61;2;2
7854;157;-151.1666718;48.83333206;60.33333206;2;2
7904;158;-191.5;49.33333206;62.66666794;2;2
7949;159;-190.8333282;52.33333206;61;2;2
7998;160;-191.5;51.66666794;60.83333206;2;2
8046;161;-149.8333282;49.5;61;2;2
8096;162;-191.6666718;51.16666794;60.66666794;2;2
8146;163;-149.6666718;50.16666794;60.83333206;2;2
8199;164;-191;52.5;57.66666794;2;2
8247;165;-190.6666718;51.33333206;59.66666794;2;2
8296;166;-190.1666718;50.33333206;59;2;2
8339;167;-190.5;51.16666794;58.33333206;2;2
8389;168;-188.6666718;48.16666794;61.5;2;2
8438;169;-190.1666718;50.66666794;55.66666794;2;2
8486;170;-189.8333282;50.83333206;58.5;2;2
8535;171;-189.5;50.83333206;59.33333206;2;2
8632;172;-190.5;49.83333206;59;2;2
8685;173;-189.6666718;51.16666794;57.5;2;2
8736;174;-150.1666718;49.16666794;57.16666794;2;2
8778;175;-188.6666718;51.66666794;58.5;2;2
8831;176;-192;52.33333206;59.5;2;2
8879;177;-188.3333282;51.33333206;58.5;2;2
8925;178;-189.8333282;50.16666794;58.16666794;2;2
8973;179;-190.8333282;49.83333206;58;2;2
9044;180;-191.8333282;49.33333206;57.66666794;2;2
9074;181;-188.6666718;50.83333206;57.33333206;2;2
9122;182;-192;50.66666794;58.66666794;2;2
9169;183;-191.5;50.16666794;55;2;2
9218;184;-191.6666718;52.33333206;59.83333206;2;2
9270;185;-190.8333282;50.66666794;58.33333206;2;2
9316;186;-190.1666718;51.83333206;58.33333206;2;2
9373;187;-190.5;51.16666794;58.66666794;2;2
9413;188;-191.6666718;49.5;60.16666794;2;2
9461;189;-191.6666718;49.16666794;58;2;2
9509;190;-191;51.66666794;60;2;2
9558;191;-191.8333282;51.66666794;60.33333206;2;2
9606;192;-190.8333282;49.83333206;61.83333206;2;2
9662;193;-189.1666718;49.66666794;60.83333206;2;2
9755;194;-150.1666718;49.83333206;58.66666794;2;2
9760;195;-150.1666718;49.83333206;58.66666794;2;2
9802;196;-191.6666718;49.16666794;58.66666794;2;2
9854;197;-149.6666718;51.33333206;58.83333206;2;2
9915;198;-191.3333282;49.16666794;60.16666794;2;2
9948;199;-190.6666718;50.83333206;61.5;2;2
10007;200;-190.5;50.33333206;60.66666794;2;2
10045;201;-188.8333282;51.5;59.83333206;2;2
10214;202;-191.6666718;49.83333206;61.33333206;2;2
10237;203;-192;50.66666794;59;2;2
10274;204;-190.8333282;49.83333206;60.66666794;2;2
10303;205;-191.5;51.33333206;59.33333206;2;2
10325;206;-191.5;51.33333206;59.33333206;2;2
10379;207;-188.8333282;49.5;62.16666794;2;2
10499;208;-188.6666718;50.16666794;58.83333206;2;2
10548;209;-190.8333282;50.66666794;59.83333206;2;2
10579;210;-190.8333282;50.66666794;59.83333206;2;2
10645;211;-191.5;51.33333206;62.33333206;2;2
10668;212;-191.5;51.33333206;62.33333206;2;2
10692;213;-191.6666718;51.16666794;61.83333206;2;2
10733;214;-190.6666718;50.5;59.33333206;2;2
10777;215;-191.8333282;51.33333206;60.83333206;2;2
10825;216;-150;50.5;61.16666794;2;2
10881;217;-149.6666718;48.16666794;59.66666794;2;2
10926;218;-191.3333282;52.66666794;60.66666794;2;2
10976;219;-191.6666718;49.5;59.83333206;2;2
11026;220;-191.6666718;50.66666794;60.16666794;2;2
11092;221;-150.3333282;51.33333206;60;2;2
11123;222;-191.5;50.83333206;60.33333206;2;2
11168;223;-190.3333282;50.83333206;59.33333206;2;2
11221;224;-150.8333282;50.83333206;59.33333206;2;2
11271;225;-150.3333282;50.16666794;60.33333206;2;2
11317;226;-190.6666718;50.83333206;62.33333206;2;2
11361;227;-191.5;49.66666794;60.33333206;2;2
11410;228;-150.8333282;49.33333206;61.16666794;2;2
11458;229;-190.6666718;48.5;59.33333206;2;2
11518;230;-190.6666718;51.66666794;59.66666794;2;2
11564;231;-191;50.5;61.16666794;2;2
11619;232;-190.5;49.83333206;59.5;2;2
11695;233;-190.5;49.16666794;60.66666794;2;2
11729;234;-190.8333282;49.83333206;61.33333206;2;2
11830;235;-190.6666718;50.16666794;62;2;2
11845;236;-190.6666718;50.16666794;62;2;2
11895;237;-149.6666718;48.83333206;61.16666794;2;2
11943;238;-189.6666718;49.83333206;59.83333206;2;2
12018;239;-191.8333282;51.33333206;61.16666794;2;2
12035;240;-191.8333282;51.33333206;61.16666794;2;2
12063;241;-191;50.5;60;2;2
12099;242;-190.5;51.5;59;2;2
12152;243;-190.5;50.33333206;59.5;2;2
12218;244;-189.8333282;50.5;59.66666794;2;2
12253;245;-190.3333282;51.66666794;58.83333206;2;2
12296;246;-190.6666718;49.66666794;62.33333206;2;2
12657;247;-190.5;50.66666794;61;2;2
12676;248;-190.5;50.66666794;61;2;2
12715;249;-150;50.83333206;60.33333206;2;2
12763;250;-191.8333282;51.33333206;58.5;2;2
12796;251;-190.8333282;50.33333206;58.33333206;2;2
12889;252;-191.5;50.83333206;59.66666794;2;2
12913;253;-191.5;50.83333206;59.66666794;2;2
12939;254;-191.3333282;49.83333206;59;2;2
12993;255;-191.6666718;51.5;59.5;2;2
13009;256;-191.6666718;51.5;59.5;2;2
13045;257;-191.3333282;51.16666794;59.83333206;2;2
13076;258;-191.3333282;51.16666794;59.83333206;2;2
13137;259;-191.8333282;50.83333206;58.83333206;2;2
13201;260;-150.8333282;51.33333206;59.33333206;2;2
13226;261;-190.6666718;49.66666794;59.66666794;2;2
13249;262;-190.6666718;49.66666794;59.66666794;2;2
13304;263;-190.3333282;50.5;60.83333206;2;2
13328;264;-190.6666718;51.33333206;57.33333206;2;2
13348;265;-190.6666718;51.33333206;57.33333206;2;2
13407;266;-190.8333282;49.5;58;2;2
13454;267;-190.5;50.33333206;59.83333206;2;2
13555;268;-191;49.66666794;60.33333206;2;2
13563;269;-190.1666718;50.33333206;59.83333206;2;2
13576;270;-190.1666718;50.33333206;59.83333206;2;2
13613;271;-149.8333282;49.83333206;58.66666794;2;2
13700;272;-191.8333282;51.33333206;58.83333206;2;2
13747;273;-189.6666718;50.33333206;58.33333206;2;2
13780;274;-190.8333282;49.16666794;58.33333206;2;2
13801;275;-191.6666718;49.83333206;58.66666794;2;2
13837;276;-191.6666718;49.83333206;58.66666794;2;2
13872;277;-149.8333282;50.66666794;59.5;2;2
13908;278;-190.6666718;49.66666794;59.33333206;2;2
13982;279;-189.5;48.16666794;60;2;2
14021;280;-190.1666718;50.33333206;58.33333206;2;2
14079;281;-191.5;49.66666794;59.66666794;2;2
14145;282;-190.8333282;49.83333206;61.83333206;2;2
14192;283;-150.3333282;49.66666794;60;2;2
14234;284;-150.3333282;49.66666794;60;2;2
14269;285;-188.5;49.16666794;62.83333206;2;2
14301;286;-190.5;50.66666794;58.33333206;2;2
14343;287;-189.5;50.83333206;61.16666794;2;2
14400;288;-186.3333282;50.16666794;57.33333206;2;2
14495;289;-191.3333282;50.33333206;60.16666794;2;2
14545;290;-150;52;61.16666794;2;2
14585;291;-191.8333282;50.5;59.66666794;2;2
14646;292;-192;50.66666794;60.66666794;2;2
14698;293;-191;50.83333206;60;2;2
14751;294;-150;50.16666794;60.33333206;2;2
14798;295;-191;49.66666794;60;2;2
14829;296;-191.3333282;51.16666794;61.33333206;2;2
14895;297;-191.6666718;51.5;61;2;2
14988;298;-191.6666718;49.83333206;59.83333206;2;2
15004;299;-191.6666718;49.83333206;59.83333206;2;2
197;0;-0.942138672;-0.045898438;0.371582031;0;3
203;1;-0.942138672;-0.045898438;0.371582031;0;3
223;2;-0.911132813;-0.080810547;0.369140625;0;3
249;3;-0.911132813;-0.080810547;0.369140625;0;3
555;4;-0.955322266;-0.068603516;0.440673828;0;3
599;5;-0.906738281;-0.032470703;0.355712891;0;3
619;6;-0.906738281;-0.032470703;0.355712891;0;3
633;7;-0.906738281;-0.032470703;0.355712891;0;3
667;8;-0.943359375;-0.076904297;0.354003906;0;3
685;9;-0.943359375;-0.076904297;0.354003906;0;3
707;10;-0.866943359;0.020507813;0.346679688;0;3
750;11;-0.906494141;0.014160156;0.352783203;0;3
779;12;-0.906494141;0.014160156;0.352783203;0;3
816;13;-1.000244141;-0.019042969;0.389404297;0;3
830;14;-1.000244141;-0.019042969;0.389404297;0;3
842;15;-0.931640625;-0.028808594;0.303466797;0;3
860;16;-0.931640625;-0.028808594;0.303466797;0;3
889;17;-0.941162109;-0.006591797;0.337646484;0;3
911;18;-0.941162109;-0.006591797;0.337646484;0;3
946;19;-0.855224609;0.028076172;0.289306641;0;3
996;20;-0.954345703;-0.073242188;0.305175781;0;3
1045;21;-0.964355469;-0.036376953;0.347167969;0;3
1099;22;-0.943359375;-0.125488281;0.344482422;0;3
1148;23;-0.954589844;-0.042480469;0.353759766;0;3
1193;24;-0.918457031;-0.089111328;0.368896484;0;3
1249;25;-0.918945313;-0.07275390599999999;0.347900391;0;3
1286;26;-0.935791016;0.004394531;0.391601563;0;3
1333;27;-1.006591797;-0.027099609;0.312255859;0;3
1387;28;-0.912109375;-0.021484375;0.282470703;0;3
1432;29;-0.925537109;-0.020019531;0.341308594;0;3
1484;30;-0.917236328;-0.027832031;0.340332031;0;3
1532;31;-0.915527344;-0.027099609;0.343505859;0;3
1579;32;-0.910644531;0.022460938;0.342041016;0;3
1634;33;-0.96484375;0.006347656;0.342773438;0;3
1683;34;-0.967041016;0.02734375;0.341064453;0;3
1796;35;-0.913330078;-0.027832031;0.336914063;0;3
1884;36;-0.920166016;0.013183594;0.246337891;0;3
1912;37;-0.9453125;0.020019531;0.247070313;0;3
1927;38;-0.9453125;0.020019531;0.247070313;0;3
1969;39;-0.95703125;0.029785156;0.322265625;0;3
2014;40;-0.924560547;-0.018066406;0.327636719;0;3
2071;41;-0.965576172;0.029052734;0.324707031;0;3
2114;42;-0.940673828;0.073486328;0.329345703;0;3
2183;43;-0.949707031;-0.002197266;0.334472656;0;3
2213;44;-1.016601563;0.083984375;0.34375;0;3
2266;45;-1.020996094;0.0703125;0.318847656;0;3
2314;46;-1.022705078;-0.01953125;0.317382813;0;3
2370;47;-0.967285156;-0.026367188;0.248291016;0;3
2413;48;-0.919433594;-0.0390625;0.275390625;0;3
2459;49;-1.073730469;-0.130126953;0.240966797;0;3
2502;50;-0.947998047;-0.080078125;0.230957031;0;3
2551;51;-0.812255859;-0.09130859400000001;0.275878906;0;3
2603;52;-1.047119141;-0.097900391;0.240478516;0;3
2648;53;-0.788330078;-0.064208984;0.336914063;0;3
2702;54;-0.910400391;0.090576172;0.321289063;0;3
2747;55;-1.022949219;0.086914063;0.301757813;0;3
2813;56;-1.031005859;-0.021240234;0.340087891;0;3
2852;57;-0.721923828;-0.008300781;0.234863281;0;3
2901;58;-0.921875;-0.132080078;0.22265625;0;3
2949;59;-1.029296875;0.012451172;0.277832031;0;3
3001;60;-0.883056641;-0.005615234;0.333251953;0;3
3047;61;-0.926025391;-0.038818359;0.33984375;0;3
3098;62;-0.749023438;-0.151855469;0.434082031;0;3
3151;63;-0.9609375;-0.114013672;0.495117188;0;3
3199;64;-0.938964844;-0.008789063;0.478759766;0;3
3251;65;-1.040039063;0.086669922;0.461425781;0;3
3293;66;-1.166748047;0.038330078;0.380126953;0;3
3335;67;-1.174804688;0.182617188;0.247314453;0;3
3383;68;-1.317626953;0.217773438;0.173095703;0;3
3432;69;-0.927246094;0.205566406;0.165527344;0;3
3483;70;-0.51953125;0.080078125;0.09130859400000001;0;3
3530;71;-0.655029297;0.047119141;-0.016845703;0;3
3580;72;0.268554688;-0.129882813;0.269042969;0;3
3632;73;1.70703125;-0.418457031;-0.792724609;0;3
3732;74;0.980712891;-0.193359375;-0.021484375;0;3
3785;75;-0.322265625;-0.044677734;1.810546875;0;3
3826;76;-1.941162109;0.1484375;3.845947266;0;3
3869;77;-1.366210938;-0.110595703;1.524902344;0;3
3921;78;-3.218994141;0.333007813;-1.686523438;0;3
3968;79;-0.707275391;0.572753906;8;0;3
4032;80;2.420654297;0.690185547;1.887451172;0;3
4076;81;-0.012207031;-3.594726563;0.337646484;0;3
4115;82;0.359619141;-2.183105469;-0.313232422;0;3
4168;83;-0.458496094;0.346435547;-0.773681641;0;3
4215;84;-0.147216797;-1.079833984;-0.784179688;0;3
4264;85;0.339355469;-0.417724609;-0.2421875;0;3
4314;86;0.364501953;-1.03125;-0.358886719;0;3
4366;87;0.385009766;-0.952392578;-0.272216797;0;3
4413;88;0.049316406;-1.011962891;-0.227294922;0;3
4464;89;0.204345703;-1.162597656;-0.489013672;0;3
4500;90;0.06982421900000001;-0.80078125;-0.512695313;0;3
4560;91;0.188964844;-0.770263672;-0.651611328;0;3
4607;92;0.422851563;-0.681884766;-0.668457031;0;3
4659;93;0.241455078;-0.778320313;-0.757568359;0;3
4696;94;0.552001953;-0.772216797;-0.376220703;0;3
4746;95;0.162109375;-0.950439453;-0.408447266;0;3
4799;96;0.124511719;-0.939697266;-0.393554688;0;3
4848;97;0.119873047;-0.856689453;-0.264892578;0;3
4903;98;0.200683594;-0.864257813;-0.462402344;0;3
4948;99;0.26953125;-0.882080078;-0.564453125;0;3
4992;100;0.281005859;-0.807128906;-0.509033203;0;3
5047;101;0.260986328;-0.885253906;-0.4921875;0;3
5100;102;0.234619141;-0.795166016;-0.487060547;0;3
5147;103;0.22265625;-0.884277344;-0.507080078;0;3
5194;104;0.262451172;-0.883300781;-0.409667969;0;3
5232;105;0.186523438;-0.894775391;-0.421630859;0;3
5284;106;0.254150391;-0.892333984;-0.500244141;0;3
5331;107;0.271484375;-0.875976563;-0.507324219;0;3
5383;108;0.274414063;-0.808349609;-0.523925781;0;3
5484;109;0.265136719;-0.806396484;-0.526367188;0;3
5490;110;0.265136719;-0.806396484;-0.526367188;0;3
5532;111;0.265380859;-0.879150391;-0.522460938;0;3
5592;112;0.273193359;-0.883789063;-0.50390625;0;3
5645;113;0.272949219;-0.87890625;-0.507324219;0;3
5729;114;0.269042969;-0.877929688;-0.513183594;0;3
5768;115;0.265869141;-0.877197266;-0.509521484;0;3
5829;116;0.270996094;-0.877441406;-0.516113281;0;3
5880;117;0.270507813;-0.878417969;-0.513183594;0;3
5925;118;0.271240234;-0.810058594;-0.524414063;0;3
5978;119;0.269287109;-0.809814453;-0.515625;0;3
6035;120;0.270263672;-0.808105469;-0.528564453;0;3
6106;121;0.278320313;-0.802490234;-0.528076172;0;3
6181;122;0.275878906;-0.809570313;-0.528076172;0;3
6207;123;0.265625;-0.806152344;-0.515136719;0;3
6233;124;0.265625;-0.806152344;-0.515136719;0;3
6265;125;0.267089844;-0.809326172;-0.525390625;0;3
6311;126;0.279296875;-0.804443359;-0.521972656;0;3
6362;127;0.279785156;-0.802978516;-0.470703125;0;3
6430;128;0.273681641;-0.800292969;-0.471923828;0;3
6480;129;0.276367188;-0.805175781;-0.475585938;0;3
6528;130;0.278808594;-0.803710938;-0.524658203;0;3
6583;131;0.273193359;-0.801757813;-0.469970703;0;3
6626;132;0.275146484;-0.795654297;-0.476318359;0;3
6667;133;0.220214844;-0.796142578;-0.475097656;0;3
6712;134;0.222412109;-0.799804688;-0.473876953;0;3
6762;135;0.279296875;-0.794677734;-0.470947266;0;3
6802;136;0.278564453;-0.794433594;-0.473144531;0;3
6845;137;0.277832031;-0.795410156;-0.475097656;0;3
6916;138;0.279785156;-0.791992188;-0.489501953;0;3
6952;139;0.280761719;-0.793701172;-0.476806641;0;3
7010;140;0.276367188;-0.799316406;-0.46875;0;3
7045;141;0.264648438;-0.80078125;-0.487548828;0;3
7084;142;0.276855469;-0.791748047;-0.481201172;0;3
7145;143;0.279296875;-0.787353516;-0.485839844;0;3
7198;144;0.219970703;-0.792480469;-0.479492188;0;3
7229;145;0.275634766;-0.787841797;-0.481689453;0;3
7304;146;0.220214844;-0.7890625;-0.4921875;0;3
7339;147;0.280029297;-0.793945313;-0.479003906;0;3
7383;148;0.278808594;-0.790039063;-0.483398438;0;3
7429;149;0.222167969;-0.790527344;-0.486572266;0;3
7489;150;0.279296875;-0.791259766;-0.486083984;0;3
7541;151;0.279052734;-0.78515625;-0.491210938;0;3
7593;152;0.280761719;-0.786865234;-0.487548828;0;3
7680;153;0.28125;-0.790527344;-0.486572266;0;3
7725;154;0.278808594;-0.785888672;-0.487304688;0;3
7771;155;0.221923828;-0.788085938;-0.49609375;0;3
7828;156;0.279541016;-0.7890625;-0.470214844;0;3
7873;157;0.278320313;-0.787353516;-0.488769531;0;3
7920;158;0.221679688;-0.786865234;-0.492675781;0;3
7961;159;0.221191406;-0.788818359;-0.485107422;0;3
8016;160;0.280273438;-0.788085938;-0.487548828;0;3
8060;161;0.279541016;-0.790283203;-0.477783203;0;3
8114;162;0.223876953;-0.783447266;-0.491943359;0;3
8166;163;0.225585938;-0.786865234;-0.484863281;0;3
8218;164;0.224609375;-0.787841797;-0.482910156;0;3
8259;165;0.227294922;-0.790771484;-0.491699219;0;3
8310;166;0.224853516;-0.785400391;-0.486328125;0;3
8361;167;0.222167969;-0.787109375;-0.487548828;0;3
8415;168;0.222900391;-0.786132813;-0.494873047;0;3
8462;169;0.222412109;-0.787841797;-0.484863281;0;3
8496;170;0.226074219;-0.790771484;-0.493408203;0;3
8546;171;0.221191406;-0.787109375;-0.480957031;0;3
8606;172;0.222412109;-0.788085938;-0.485595703;0;3
8646;173;0.223632813;-0.786132813;-0.489013672;0;3
8695;174;0.2265625;-0.785644531;-0.488769531;0;3
8753;175;0.221191406;-0.783447266;-0.485839844;0;3
8844;176;0.224609375;-0.786621094;-0.480712891;0;3
8849;177;0.224609375;-0.786621094;-0.480712891;0;3
8889;178;0.224121094;-0.786132813;-0.494384766;0;3
8944;179;0.221923828;-0.788330078;-0.489746094;0;3
9009;180;0.224365234;-0.842285156;-0.488769531;0;3
9052;181;0.222900391;-0.840576172;-0.494873047;0;3
9094;182;0.222167969;-0.783935547;-0.497314453;0;3
9143;183;0.224853516;-0.841064453;-0.489257813;0;3
9189;184;0.225097656;-0.783203125;-0.490966797;0;3
9240;185;0.227294922;-0.841796875;-0.490478516;0;3
9290;186;0.280273438;-0.786865234;-0.492431641;0;3
9327;187;0.226074219;-0.785644531;-0.483642578;0;3
9380;188;0.226318359;-0.783935547;-0.490966797;0;3
9476;189;0.223388672;-0.841308594;-0.563476563;0;3
9480;190;0.223388672;-0.841308594;-0.563476563;0;3
9533;191;0.2265625;-0.781738281;-0.484863281;0;3
9638;192;0.224121094;-0.788085938;-0.487548828;0;3
9677;193;0.225585938;-0.788818359;-0.481933594;0;3
9721;194;0.227783203;-0.781738281;-0.495117188;0;3
9781;195;0.225830078;-0.783935547;-0.488525391;0;3
9814;196;0.222412109;-0.784667969;-0.494140625;0;3
9865;197;0.223388672;-0.842285156;-0.492431641;0;3
9924;198;0.226318359;-0.784423828;-0.498779297;0;3
9967;199;0.221435547;-0.842529297;-0.486083984;0;3
10018;200;0.224121094;-0.782226563;-0.497558594;0;3
10092;201;0.229248047;-0.783203125;-0.489257813;0;3
10222;202;0.227294922;-0.843505859;-0.49609375;0;3
10245;203;0.23046875;-0.783691406;-0.488525391;0;3
10283;204;0.23046875;-0.783691406;-0.488525391;0;3
10304;205;0.225341797;-0.786865234;-0.485107422;0;3
10339;206;0.225341797;-0.786865234;-0.485107422;0;3
10397;207;0.222900391;-0.783203125;-0.483642578;0;3
10535;208;0.228515625;-0.786132813;-0.487304688;0;3
10561;209;0.228271484;-0.785644531;-0.483154297;0;3
10596;210;0.229736328;-0.782958984;-0.489746094;0;3
10626;211;0.229736328;-0.782958984;-0.489746094;0;3
10652;212;0.229736328;-0.781738281;-0.493652344;0;3
10675;213;0.229736328;-0.781738281;-0.493652344;0;3
10705;214;0.225097656;-0.782470703;-0.487792969;0;3
10748;215;0.226806641;-0.782714844;-0.483154297;0;3
10793;216;0.232421875;-0.84375;-0.490478516;0;3
10904;217;0.228271484;-0.786376953;-0.4921875;0;3
10909;218;0.228271484;-0.786376953;-0.4921875;0;3
10949;219;0.229736328;-0.781982422;-0.493896484;0;3
10994;220;0.237304688;-0.781494141;-0.488037109;0;3
11039;221;0.227539063;-0.782958984;-0.486083984;0;3
11102;222;0.230224609;-0.785400391;-0.488037109;0;3
11149;223;0.231445313;-0.781738281;-0.488769531;0;3
11177;224;0.228027344;-0.784423828;-0.488769531;0;3
11240;225;0.226806641;-0.784912109;-0.478271484;0;3
11283;226;0.231933594;-0.784179688;-0.490722656;0;3
11328;227;0.232910156;-0.781494141;-0.480957031;0;3
11376;228;0.229736328;-0.787841797;-0.484375;0;3
11432;229;0.233398438;-0.789550781;-0.482910156;0;3
11476;230;0.229492188;-0.783203125;-0.485107422;0;3
11583;231;0.229248047;-0.787109375;-0.489501953;0;3
11687;232;0.229980469;-0.782226563;-0.487060547;0;3
11723;233;0.229492188;-0.788330078;-0.485351563;0;3
11737;234;0.229492188;-0.788330078;-0.485351563;0;3
11832;235;0.229736328;-0.78515625;-0.491455078;0;3
11849;236;0.229736328;-0.78515625;-0.491455078;0;3
11911;237;0.228271484;-0.843505859;-0.494384766;0;3
11993;238;0.232421875;-0.84375;-0.485351563;0;3
12027;239;0.231201172;-0.783447266;-0.487060547;0;3
12048;240;0.231201172;-0.783447266;-0.487060547;0;3
12078;241;0.229736328;-0.784423828;-0.494140625;0;3
12112;242;0.229980469;-0.787597656;-0.485351563;0;3
12186;243;0.231201172;-0.790283203;-0.484863281;0;3
12230;244;0.223876953;-0.783447266;-0.490722656;0;3
12278;245;0.232421875;-0.786376953;-0.485839844;0;3
12648;246;0.228759766;-0.789306641;-0.487304688;0;3
12679;247;0.228759766;-0.789306641;-0.487304688;0;3
12717;248;0.225097656;-0.785400391;-0.490966797;0;3
12769;249;0.228759766;-0.783203125;-0.48046875;0;3
12798;250;0.229248047;-0.787597656;-0.486572266;0;3
12834;251;0.227783203;-0.781738281;-0.489257813;0;3
12847;252;0.227783203;-0.781738281;-0.489257813;0;3
12896;253;0.229980469;-0.788330078;-0.485107422;0;3
12916;254;0.229980469;-0.788330078;-0.485107422;0;3
12980;255;0.224365234;-0.843261719;-0.489746094;0;3
12996;256;0.224365234;-0.843261719;-0.489746094;0;3
13037;257;0.230712891;-0.783691406;-0.491210938;0;3
13053;258;0.230712891;-0.783691406;-0.491210938;0;3
13088;259;0.234619141;-0.784912109;-0.488037109;0;3
13169;260;0.2265625;-0.783691406;-0.481689453;0;3
13204;261;0.228759766;-0.784179688;-0.494384766;0;3
13241;262;0.233398438;-0.785644531;-0.490478516;0;3
13274;263;0.228515625;-0.782958984;-0.488037109;0;3
13318;264;0.228515625;-0.782958984;-0.488037109;0;3
13337;265;0.229736328;-0.782226563;-0.479248047;0;3
13354;266;0.229736328;-0.782226563;-0.479248047;0;3
13440;267;0.229492188;-0.843505859;-0.486572266;0;3
13474;268;0.229492188;-0.843505859;-0.486572266;0;3
13533;269;0.229248047;-0.788085938;-0.489013672;0;3
13600;270;0.231201172;-0.78515625;-0.489013672;0;3
13622;271;0.232177734;-0.781982422;-0.498779297;0;3
13730;272;0.229003906;-0.784667969;-0.489013672;0;3
13740;273;0.229003906;-0.784667969;-0.489013672;0;3
13790;274;0.2265625;-0.783691406;-0.491455078;0;3
13808;275;0.233642578;-0.781738281;-0.486816406;0;3
13854;276;0.229003906;-0.785400391;-0.485595703;0;3
13879;277;0.229003906;-0.785400391;-0.485595703;0;3
13916;278;0.227539063;-0.782958984;-0.49609375;0;3
14000;279;0.229492188;-0.784179688;-0.493164063;0;3
14057;280;0.230224609;-0.843017578;-0.483398438;0;3
14094;281;0.230224609;-0.843017578;-0.483398438;0;3
14161;282;0.228515625;-0.783935547;-0.488037109;0;3
14206;283;0.231445313;-0.786621094;-0.48046875;0;3
14244;284;0.228027344;-0.785644531;-0.498291016;0;3
14276;285;0.228027344;-0.785644531;-0.498291016;0;3
14308;286;0.224365234;-0.785644531;-0.480712891;0;3
14368;287;0.23046875;-0.789306641;-0.485351563;0;3
14423;288;0.230712891;-0.783935547;-0.489990234;0;3
14449;289;0.225341797;-0.84375;-0.487304688;0;3
14504;290;0.228271484;-0.78515625;-0.479736328;0;3
14557;291;0.230224609;-0.785644531;-0.493164063;0;3
14606;292;0.229980469;-0.784667969;-0.491943359;0;3
14655;293;0.227539063;-0.788085938;-0.483154297;0;3
14705;294;0.224365234;-0.783447266;-0.48828125;0;3
14759;295;0.228515625;-0.788818359;-0.496582031;0;3
14800;296;0.228759766;-0.788085938;-0.484863281;0;3
14855;297;0.227539063;-0.782470703;-0.488769531;0;3
14959;298;0.231201172;-0.787109375;-0.483398438;0;3
14995;299;0.225341797;-0.786132813;-0.484863281;0;3
199;1;-8.3828125;1.3671875;-2.140625;1;3
204;2;-8.3828125;1.3671875;-2.140625;1;3
225;3;-6.5078125;2.53125;0.96875;1;3
251;4;-6.5078125;2.53125;0.96875;1;3
557;5;-11.453125;-1.4609375;4.0625;1;3
601;6;-4.2890625;0.3125;-2.1875;1;3
622;7;-4.2890625;0.3125;-2.1875;1;3
637;8;-4.2890625;0.3125;-2.1875;1;3
671;9;-10.4296875;0.875;4.203125;1;3
690;10;-10.4296875;0.875;4.203125;1;3
709;11;-12.0078125;2.671875;1.828125;1;3
752;12;-14.078125;7.3359375;2.375;1;3
785;13;-14.078125;7.3359375;2.375;1;3
818;14;-15.6171875;3.6640625;-4.015625;1;3
832;15;-15.6171875;3.6640625;-4.015625;1;3
844;16;-18.7890625;7.046875;-12.15625;1;3
862;17;-18.7890625;7.046875;-12.15625;1;3
892;18;-9.5703125;10.6953125;-12.015625;1;3
913;19;-9.5703125;10.6953125;-12.015625;1;3
948;20;12.109375;14.4453125;-13.359375;1;3
998;21;20.625;15.3046875;-15.90625;1;3
1047;22;31.3046875;17.7109375;-16.3515625;1;3
1101;23;22.140625;15.484375;-10.0546875;1;3
1149;24;6.796875;13.9609375;-4.53125;1;3
1195;25;2.109375;13.3671875;0.859375;1;3
1251;26;-4.5078125;8.875;-0.171875;1;3
1288;27;-1.921875;-2.3125;4.15625;1;3
1335;28;-1.375;-5.78125;3.1875;1;3
1390;29;-0.09375;-7.7265625;-0.8984375;1;3
1433;30;-0.015625;-3.9609375;-2.9921875;1;3
1487;31;4.3671875;-4.5546875;-3.7578125;1;3
1534;32;-0.84375;-4.6640625;-5.0625;1;3
1582;33;-0.8125;-1.25;-6.5703125;1;3
1635;34;-8.3125;2.765625;-3.859375;1;3
1685;35;-14.6328125;3.8046875;-2.9921875;1;3
1798;36;-14.15625;4.625;-4.4375;1;3
1886;37;4.3203125;-0.1640625;-8.421875;1;3
1914;38;-2.4609375;3.3359375;-6.109375;1;3
1928;39;-2.4609375;3.3359375;-6.109375;1;3
1972;40;-3.1640625;8.0859375;-4.609375;1;3
2016;41;2.9921875;7.8203125;0.8828125;1;3
2072;42;-7.28125;7.5859375;4.1953125;1;3
2115;43;-13.234375;9.5625;8.734375;1;3
2185;44;-21.859375;13.6640625;10.6484375;1;3
2215;45;-24.515625;9.0859375;10.4921875;1;3
2267;46;-15.1484375;1.890625;10.8125;1;3
2316;47;-18.3671875;-2.078125;-0.2578125;1;3
2373;48;4.4453125;-9.8046875;-11.3828125;1;3
2415;49;20.8046875;-9.5546875;-9.484375;1;3
2462;50;9.890625;-10.9765625;-17.8125;1;3
2504;51;25.84375;-19.59375;-13.4609375;1;3
2555;52;25.3125;-15.890625;0.4140625;1;3
2606;53;16.8984375;6.6640625;6.578125;1;3
2650;54;-49.7265625;10.71875;17.921875;1;3
2705;55;-42.15625;1.7890625;24.4765625;1;3
2749;56;-9.9296875;-5.0859375;7.9609375;1;3
2816;57;20.9296875;-21.5546875;5.65625;1;3
2854;58;37.171875;-33.3984375;13.2265625;1;3
2905;59;0.6953125;-6.0078125;32.3515625;1;3
2959;60;-51.3125;-0.0859375;7.3515625;1;3
3004;61;0.40625;7.7890625;25.1640625;1;3
3049;62;19.9375;9.9765625;-1.5234375;1;3
3100;63;43.25;19.9375;23.8984375;1;3
3153;64;-38.328125;37.7421875;16.5625;1;3
3213;65;-69.296875;21.8984375;8.8984375;1;3
3257;66;-41.265625;-9.046875;7.4921875;1;3
3295;67;-54.4140625;-36.8203125;-3.4140625;1;3
3337;68;-79.2421875;-66.703125;8.0703125;1;3
3385;69;-63.921875;-89.9765625;-18.546875;1;3
3433;70;-42.0703125;-81.515625;-49.140625;1;3
3485;71;-71.734375;-62.2265625;-70.046875;1;3
3537;72;-95.453125;-5.7890625;-37.3046875;1;3
3582;73;-86.203125;-43.3515625;-78.015625;1;3
3634;74;-145.9765625;-195.1015625;-116.09375;1;3
3734;75;-122.0390625;162.078125;4.8671875;1;3
3788;76;127.171875;40.4140625;10.0546875;1;3
3827;77;253.9921875;-256;-24.046875;1;3
3871;78;253.9921875;-256;-129.015625;1;3
3924;79;253.9921875;-256;150.5390625;1;3
3969;80;253.9921875;-256;-170.8125;1;3
4035;81;-87.484375;69.7734375;-183.890625;1;3
4078;82;253.9921875;104.6640625;-254.1171875;1;3
4118;83;214.9375;-241.171875;24.3828125;1;3
4172;84;-27.6796875;-0.3046875;-43.9296875;1;3
4217;85;81.6484375;-92.78125;-0.8671875;1;3
4265;86;46.6796875;35.328125;23.3671875;1;3
4315;87;214.3984375;2.578125;-50.7734375;1;3
4369;88;40.265625;15.7890625;-16.921875;1;3
4414;89;15.3671875;-48.4140625;-31.78125;1;3
4466;90;75.0390625;-36.2109375;-23.3671875;1;3
4502;91;108.6640625;8.6171875;24.3828125;1;3
4562;92;104.2890625;21.0859375;69.5625;1;3
4608;93;42.8125;9.8515625;46.0390625;1;3
4661;94;-77.140625;-35.734375;-31.7421875;1;3
4698;95;-136.265625;-11.1328125;-16.4140625;1;3
4747;96;-110.4375;-6.53125;-8.234375;1;3
4802;97;-45.3046875;-1.7890625;-5.7421875;1;3
4849;98;5.1796875;15.890625;6.8515625;1;3
4906;99;68.15625;28.109375;17.5859375;1;3
4950;100;28.0859375;13.3359375;8.203125;1;3
4993;101;11.8046875;11.8515625;4.875;1;3
5051;102;3;4.453125;0.78125;1;3
5102;103;-13.328125;4.359375;2.6796875;1;3
5148;104;-19.2890625;-0.0703125;-4.53125;1;3
5195;105;-12.9140625;-6.296875;-6.5546875;1;3
5234;106;-0.6796875;-6.453125;-3.3984375;1;3
5286;107;5.84375;2.078125;2.515625;1;3
5333;108;7.3125;1.2109375;-0.21875;1;3
5384;109;4.1796875;1.546875;-0.328125;1;3
5486;110;-8.796875;0.2890625;-4.25;1;3
5491;111;-8.796875;0.2890625;-4.25;1;3
5534;112;-9.359375;0.5390625;-1.7578125;1;3
5594;113;-8.34375;2.109375;-2.2265625;1;3
5647;114;0.890625;-1;0.328125;1;3
5731;115;-1.1953125;0.2265625;-2.9140625;1;3
5771;116;-2.890625;-2.703125;-1.765625;1;3
5833;117;0.84375;-0.328125;0.453125;1;3
5882;118;-0.671875;2.09375;0.5;1;3
5926;119;0.53125;-0.640625;0.0625;1;3
5981;120;-0.9140625;2.2265625;0.515625;1;3
6038;121;-0.421875;2.734375;-0.875;1;3
6122;122;0.3828125;-0.40625;0.046875;1;3
6183;123;-6.9765625;0.203125;-4.109375;1;3
6210;124;-3.375;-2.21875;-1.4609375;1;3
6234;125;-3.375;-2.21875;-1.4609375;1;3
6267;126;-2.5703125;-0.1328125;-2.0703125;1;3
6312;127;2.5078125;2.5;-0.59375;1;3
6364;128;0.375;-0.4296875;0.28125;1;3
6434;129;-3.1328125;-0.515625;0.1640625;1;3
6482;130;-4.4453125;2.7109375;0.828125;1;3
6531;131;-1.859375;-0.390625;-2.6328125;1;3
6584;132;-0.3359375;0.96875;-2.296875;1;3
6627;133;-0.15625;2.4296875;0.8046875;1;3
6670;134;0.2890625;2.4765625;0.4609375;1;3
6715;135;-2.4765625;-0.1953125;-2.3828125;1;3
6763;136;-2.3359375;0.6875;-2.984375;1;3
6805;137;-1.421875;0.78125;-2.6796875;1;3
6853;138;-2.6015625;0.46875;-1.1328125;1;3
6918;139;-2.1171875;-0.8046875;-2.4375;1;3
6954;140;-6.4140625;0.15625;-1.3359375;1;3
7013;141;-4.171875;-1.2109375;-4.5703125;1;3
7047;142;-0.6953125;0.75;-2.625;1;3
7086;143;-2.234375;2.09375;0.3515625;1;3
7147;144;-2.6015625;-0.140625;0.203125;1;3
7199;145;-5.1640625;-0.828125;-2.75;1;3
7231;146;0.203125;-0.234375;-2.2109375;1;3
7306;147;-4.03125;2.3046875;0.0078125;1;3
7341;148;-4.40625;0.9140625;-2.515625;1;3
7384;149;0.09375;-0.5234375;0.140625;1;3
7430;150;-2.203125;2.0625;0.515625;1;3
7497;151;-1.3203125;0.3515625;-1.2578125;1;3
7543;152;-4.03125;-0.53125;-2.0078125;1;3
7594;153;-6.2265625;2.3515625;0.2734375;1;3
7681;154;-4.828125;0.78125;-1.296875;1;3
7726;155;0.4375;0.8359375;-2.7421875;1;3
7774;156;-6.1875;-0.1484375;0.2265625;1;3
7829;157;-6.390625;-0.8515625;-1.1953125;1;3
7874;158;-0.4375;-0.25;0.6328125;1;3
7922;159;-2.828125;2.359375;0.6328125;1;3
7962;160;-6.1484375;-0.328125;-2.671875;1;3
8017;161;-6.0546875;-0.625;-2.7578125;1;3
8062;162;-1.203125;2.015625;0.0859375;1;3
8116;163;0.7265625;2.546875;-0.921875;1;3
8169;164;-6.53125;2.125;0.234375;1;3
8220;165;-3.5;2.1484375;-2.453125;1;3
8262;166;-2.5703125;-0.3359375;-2.3046875;1;3
8312;167;-1.3515625;0.765625;-1.0390625;1;3
8362;168;-4.765625;0.4375;-1.28125;1;3
8416;169;-3.2109375;0.5390625;-2.84375;1;3
8463;170;-4.390625;-0.828125;-2.375;1;3
8498;171;-3.3671875;-0.734375;-2.515625;1;3
8548;172;-6.703125;0.9765625;-3;1;3
8609;173;-1.2109375;-0.9921875;-2.828125;1;3
8647;174;0.734375;-0.2578125;0.46875;1;3
8697;175;0.09375;-0.7734375;-2.3046875;1;3
8754;176;-1.4609375;0.9609375;-2.78125;1;3
8846;177;-1.3984375;-0.3984375;-2.3046875;1;3
8851;178;-1.3984375;-0.3984375;-2.3046875;1;3
8891;179;-1.859375;0.9453125;-2.625;1;3
8947;180;-4.2421875;-0.5078125;-2.2578125;1;3
9012;181;-2.3984375;-0.6640625;-2.421875;1;3
9053;182;-2.96875;-0.9375;-2.453125;1;3
9095;183;-4.828125;-0.8671875;-2.75;1;3
9144;184;-4.5625;-0.734375;-2.1015625;1;3
9190;185;-4.109375;-0.65625;-2.71875;1;3
9241;186;-3.9296875;0.796875;-1.265625;1;3
9293;187;-3.59375;0.8515625;-1.1640625;1;3
9328;188;-1.3515625;-0.28125;-2.078125;1;3
9385;189;-2.15625;0.765625;-2.7109375;1;3
9478;190;-3.5078125;2.1875;0.3203125;1;3
9482;191;-3.5078125;2.1875;0.3203125;1;3
9535;192;-3.734375;-0.2109375;-2.21875;1;3
9640;193;-1.75;-0.953125;-2.5390625;1;3
9679;194;-1.8671875;-0.46875;-2.3984375;1;3
9724;195;-3.421875;-0.9375;-2.5625;1;3
9783;196;-1.8671875;0.9453125;-2.890625;1;3
9815;197;-4.1171875;-0.765625;-2.5390625;1;3
9866;198;-2.578125;-0.8359375;-2.265625;1;3
9926;199;-3.4296875;-0.0390625;-2.2265625;1;3
9969;200;-1.7109375;-0.625;-2.609375;1;3
10019;201;-2.296875;-0.78125;0.0078125;1;3
10094;202;-4.5859375;-0.640625;-2.484375;1;3
10223;203;-4.359375;2.0234375;0.265625;1;3
10247;204;-3.84375;-0.0703125;0.0703125;1;3
10290;205;-3.84375;-0.0703125;0.0703125;1;3
10306;206;-5.0390625;-0.7734375;-2.9375;1;3
10345;207;-5.0390625;-0.7734375;-2.9375;1;3
10399;208;-1.7578125;-0.125;0.0703125;1;3
10537;209;-1.7578125;-0.3984375;0.0234375;1;3
10563;210;-4.5703125;0.984375;-2.6875;1;3
10612;211;-2.4296875;-0.5;-2.0390625;1;3
10627;212;-2.4296875;-0.5;-2.0390625;1;3
10653;213;-3.4453125;-0.796875;-2.609375;1;3
10676;214;-3.4453125;-0.796875;-2.609375;1;3
10706;215;-4.4375;-0.421875;-2.3203125;1;3
10749;216;-1.7578125;-0.71875;-2.4375;1;3
10794;217;-4.8828125;2.3125;0.1328125;1;3
10907;218;-1.546875;-0.640625;-2.2109375;1;3
10911;219;-1.546875;-0.640625;-2.2109375;1;3
10961;220;-3.0078125;-0.9140625;-2.7265625;1;3
10996;221;-6.0546875;-0.2265625;-2.5;1;3
11040;222;-3.8359375;-0.6328125;-2.53125;1;3
11104;223;-1.421875;-0.640625;-2.2421875;1;3
11153;224;-1.765625;-0.9296875;-2.421875;1;3
11178;225;-4.5;0.7421875;-2.9296875;1;3
11247;226;-4.578125;-0.890625;-2.6015625;1;3
11292;227;-3.09375;-0.4609375;-2.1171875;1;3
11329;228;-4.703125;0.53125;-1.203125;1;3
11377;229;-4.890625;-0.9140625;-2.7421875;1;3
11433;230;-4.7734375;-0.9765625;-2.59375;1;3
11477;231;-2.6484375;0.765625;-2.4765625;1;3
11584;232;-2.8515625;-0.8984375;-2.3671875;1;3
11689;233;-4.59375;-0.7890625;-2.609375;1;3
11724;234;-4.2734375;-0.6953125;-2.4609375;1;3
11738;235;-4.2734375;-0.6953125;-2.4609375;1;3
11835;236;-6.4453125;-0.796875;-2.6875;1;3
11852;237;-6.4453125;-0.796875;-2.6875;1;3
11913;238;-4.3125;-0.703125;-2.6875;1;3
11994;239;-4.375;0.9765625;-2.8125;1;3
12030;240;-1.1953125;0.6640625;-1.1328125;1;3
12049;241;-1.1953125;0.6640625;-1.1328125;1;3
12079;242;-3.234375;-0.65625;-2.3828125;1;3
12115;243;-6.6796875;-0.3359375;-2.5703125;1;3
12188;244;0.3359375;0.5625;-2.75;1;3
12231;245;-1.96875;0.6875;-2.859375;1;3
12280;246;-1.8671875;-0.8359375;-2.0703125;1;3
12649;247;-2.8515625;-0.9140625;-2.8984375;1;3
12681;248;-2.8515625;-0.9140625;-2.8984375;1;3
12718;249;-4.3046875;-0.3671875;0.03125;1;3
12775;250;-4.5390625;-0.8515625;-2.5859375;1;3
12805;251;-1.5078125;0.9296875;-2.8125;1;3
12839;252;-4.3828125;-0.6796875;-2.5390625;1;3
12850;253;-4.3828125;-0.6796875;-2.5390625;1;3
12902;254;-4.9765625;-0.3828125;-2.5390625;1;3
12921;255;-4.9765625;-0.3828125;-2.5390625;1;3
12982;256;-1.4609375;-0.8125;-2.84375;1;3
12997;257;-1.4609375;-0.8125;-2.84375;1;3
13039;258;-4.1875;-0.046875;0.1796875;1;3
13054;259;-4.1875;-0.046875;0.1796875;1;3
13098;260;-4.6171875;-0.9921875;-2.8984375;1;3
13175;261;-4.03125;0.90625;-2.765625;1;3
13206;262;-4.46875;2.1796875;0.078125;1;3
13243;263;-1.7421875;0.8359375;-2.8359375;1;3
13275;264;-4.3359375;-0.9375;-2.734375;1;3
13319;265;-4.3359375;-0.9375;-2.734375;1;3
13339;266;-4.5546875;-0.9609375;-2.265625;1;3
13355;267;-4.5546875;-0.9609375;-2.265625;1;3
13443;268;-4.8828125;-0.859375;-2.5546875;1;3
13475;269;-4.8828125;-0.859375;-2.5546875;1;3
13536;270;-4.2578125;-0.71875;-2.1328125;1;3
13605;271;-1.46875;-0.71875;-2.40625;1;3
13623;272;-3.03125;-0.9609375;-2.3203125;1;3
13737;273;-2.1796875;-0.625;-2.609375;1;3
13742;274;-2.1796875;-0.625;-2.609375;1;3
13791;275;-4.7421875;-0.7265625;-2.328125;1;3
13810;276;-4.75;-0.7734375;-2.4140625;1;3
13855;277;-1.9140625;0.859375;-1.0078125;1;3
13881;278;-1.9140625;0.859375;-1.0078125;1;3
13917;279;-4.8046875;-0.671875;-2.5546875;1;3
14002;280;-1.9609375;0.8125;-2.578125;1;3
14058;281;-4.8828125;-0.8828125;-2.9765625;1;3
14095;282;-4.8828125;-0.8828125;-2.9765625;1;3
14163;283;-4.9375;0.9921875;-2.734375;1;3
14208;284;-1.7578125;0.8671875;-1.1796875;1;3
14245;285;-1.625;0.6875;-2.8828125;1;3
14277;286;-1.625;0.6875;-2.8828125;1;3
14309;287;-6.953125;-0.921875;-2.9453125;1;3
14369;288;-4.2109375;-0.09375;-2.3125;1;3
14426;289;0.1640625;0.8515625;-2.5859375;1;3
14456;290;-6.625;-0.84375;-2.796875;1;3
14505;291;-4.171875;-0.453125;-2.421875;1;3
14562;292;-2.046875;-0.5859375;0.0390625;1;3
14608;293;-6.4296875;0.96875;-1.0703125;1;3
14656;294;-6.8515625;-0.859375;-2.9765625;1;3
14706;295;-2.5703125;-0.9296875;-2.4375;1;3
14761;296;-1.5625;-0.28125;-2.3515625;1;3
14801;297;-1.7578125;0.890625;-2.7265625;1;3
14857;298;-2.65625;0.640625;-2.75;1;3
14966;299;-3.8046875;-0.8125;-2.8046875;1;3
14996;300;-0.8671875;0.0546875;-2.921875;1;3
201;1;57.33333206;17.83333397;-154.6666718;2;3
208;2;57.33333206;17.83333397;-154.6666718;2;3
227;3;55.5;18.5;-152.1666718;2;3
253;4;55.5;18.5;-152.1666718;2;3
561;5;57.5;16.83333397;-153.6666718;2;3
605;6;56;15.83333302;-154.6666718;2;3
623;7;56;15.83333302;-154.6666718;2;3
638;8;56;15.83333302;-154.6666718;2;3
675;9;55;17.33333397;-156.5;2;3
691;10;55;17.33333397;-156.5;2;3
717;11;56.16666794;16.5;-155.3333282;2;3
754;12;57.33333206;17;-155.8333282;2;3
786;13;57.33333206;17;-155.8333282;2;3
820;14;56;17.5;-154.6666718;2;3
834;15;56;17.5;-154.6666718;2;3
845;16;54.5;17;-155.1666718;2;3
863;17;54.5;17;-155.1666718;2;3
894;18;53.83333206;17.33333397;-156;2;3
914;19;53.83333206;17.33333397;-156;2;3
949;20;55.83333206;16.5;-155.6666718;2;3
999;21;54.5;16.66666603;-155.8333282;2;3
1048;22;55.66666794;15.5;-154.6666718;2;3
1103;23;53.83333206;16;-153;2;3
1151;24;57.66666794;13.83333302;-154.3333282;2;3
1198;25;57.83333206;15.66666698;-151;2;3
1253;26;54.83333206;15.5;-151.1666718;2;3
1290;27;57.5;15.33333302;-151.3333282;2;3
1336;28;55.83333206;15.33333302;-149.5;2;3
1392;29;56.66666794;15.33333302;-150.1666718;2;3
1435;30;57;15.33333302;-149.8333282;2;3
1488;31;56.5;13.83333302;-150.8333282;2;3
1535;32;56.66666794;15.66666698;-150.6666718;2;3
1583;33;55.83333206;15.66666698;-151;2;3
1637;34;57.33333206;15.5;-149.6666718;2;3
1686;35;58.33333206;15.33333302;-150.6666718;2;3
1799;36;57.33333206;15.83333302;-150;2;3
1890;37;55.83333206;14.83333302;-151.8333282;2;3
1915;38;55.66666794;14.66666698;-152.3333282;2;3
1929;39;55.66666794;14.66666698;-152.3333282;2;3
1973;40;55.83333206;15.66666698;-151.3333282;2;3
2017;41;56.16666794;16;-151;2;3
2074;42;56.5;14.16666698;-150.5;2;3
2117;43;57;14.83333302;-149.5;2;3
2187;44;54.5;15;-191.5;2;3
2217;45;56.83333206;13.5;-151.6666718;2;3
2268;46;54.5;14.16666698;-149.6666718;2;3
2322;47;56.5;16.33333397;-191.5;2;3
2374;48;57.66666794;13.83333302;-150.5;2;3
2416;49;55;13.16666698;-150.1666718;2;3
2463;50;54.66666794;14.5;-150.6666718;2;3
2507;51;55.66666794;15.5;-149.6666718;2;3
2556;52;55.5;14.5;-152.5;2;3
2608;53;55.83333206;15.33333302;-152.1666718;2;3
2651;54;57.83333206;14;-150.1666718;2;3
2707;55;57.33333206;15;-150;2;3
2756;56;56.5;15.5;-192;2;3
2817;57;57.66666794;14.66666698;-150.8333282;2;3
2855;58;57.83333206;15.66666698;-150.1666718;2;3
2908;59;59;16;-150.1666718;2;3
2960;60;58.66666794;16.5;-149.5;2;3
3006;61;59.66666794;16.66666603;-149.6666718;2;3
3054;62;59.66666794;17;-150.5;2;3
3107;63;59.5;15.66666698;-149.8333282;2;3
3154;64;63.5;17.33333397;-189.8333282;2;3
3214;65;22;16.83333397;-187.8333282;2;3
3259;66;21.5;16.33333397;-188.8333282;2;3
3296;67;62.33333206;16.5;-189.5;2;3
3338;68;61.5;18.5;-149.8333282;2;3
3388;69;60;18.33333397;-153.5;2;3
3435;70;58.5;17.83333397;-157.5;2;3
3488;71;56;19.5;-162;2;3
3539;72;50.66666794;-21;-166.5;2;3
3584;73;48.33333206;-21.16666603;-170.6666718;2;3
3636;74;43.5;-19.16666603;-216.3333282;2;3
3736;75;-5.333333492;-17.33333397;-224.3333282;2;3
3791;76;-7.5;-18;-228.5;2;3
3829;77;-9.166666985000001;-20.33333397;-225;2;3
3873;78;44.5;-15.33333302;-223.1666718;2;3
3925;79;56.5;-3.333333254;-165.1666718;2;3
3971;80;22;49.5;-188.6666718;2;3
4039;81;27.66666603;54.33333206;-171.1666718;2;3
4079;82;31.83333397;56.66666794;-108.5;2;3
4119;83;31.5;54.66666794;-138.3333282;2;3
4174;84;25;53.33333206;-83;2;3
4220;85;28.83333397;50.83333206;-128.1666718;2;3
4266;86;25.5;50.16666794;-81.83333588000001;2;3
4316;87;25.83333397;50.5;-81.83333588000001;2;3
4377;88;61.66666794;52.16666794;-80.66666411999999;2;3
4416;89;59;49.16666794;-81.5;2;3
4468;90;61;49.5;-80.33333588000001;2;3
4503;91;60.66666794;48.83333206;-80.33333588000001;2;3
4563;92;55.5;50.33333206;-81.16666411999999;2;3
4610;93;52.66666794;51.66666794;-128.1666718;2;3
4663;94;46.83333206;51.33333206;-129.1666718;2;3
4700;95;48;49.33333206;-84.83333588000001;2;3
4749;96;51.83333206;48.33333206;-82;2;3
4808;97;57.83333206;47.5;-80.33333588000001;2;3
4851;98;59.83333206;47.5;-79.16666411999999;2;3
4907;99;57.5;48.33333206;-79.66666411999999;2;3
4953;100;58.33333206;48;-80;2;3
4995;101;54.66666794;49.16666794;-82.66666411999999;2;3
5052;102;56;47.33333206;-81.33333588000001;2;3
5104;103;55.5;48.83333206;-82;2;3
5149;104;53.16666794;49.33333206;-81.83333588000001;2;3
5196;105;57.66666794;49;-82.5;2;3
5237;106;55.66666794;49.83333206;-82.16666411999999;2;3
5288;107;56.16666794;49.5;-82.33333588000001;2;3
5334;108;55;48.33333206;-83.16666411999999;2;3
5385;109;54.83333206;47.66666794;-81.83333588000001;2;3
5488;110;55;50.33333206;-80.83333588000001;2;3
5492;111;55;50.33333206;-80.83333588000001;2;3
5535;112;56.5;49;-79.83333588000001;2;3
5595;113;54.83333206;49.33333206;-81.83333588000001;2;3
5648;114;55;50;-83.16666411999999;2;3
5732;115;55.66666794;48.16666794;-81;2;3
5772;116;53.16666794;49;-82.16666411999999;2;3
5836;117;55.16666794;48.5;-82.5;2;3
5883;118;53.5;49.16666794;-82;2;3
5927;119;53.83333206;49.16666794;-82;2;3
5982;120;54.66666794;49.16666794;-82.66666411999999;2;3
6039;121;56;48.16666794;-83;2;3
6143;122;56.5;50.16666794;-82.5;2;3
6184;123;54.66666794;49.16666794;-82;2;3
6211;124;55.66666794;49.83333206;-81.83333588000001;2;3
6236;125;55.66666794;49.83333206;-81.83333588000001;2;3
6270;126;54.66666794;50;-83.83333588000001;2;3
6313;127;54.83333206;49.83333206;-82.5;2;3
6366;128;54.16666794;50.33333206;-81.16666411999999;2;3
6436;129;54.16666794;49.5;-82.66666411999999;2;3
6486;130;53.83333206;49.16666794;-83.16666411999999;2;3
6533;131;53.83333206;50.33333206;-83.16666411999999;2;3
6586;132;54;49;-82.16666411999999;2;3
6628;133;54.66666794;49.5;-82.66666411999999;2;3
6681;134;53.66666794;49.33333206;-82.16666411999999;2;3
6722;135;54.83333206;50.5;-83.33333588000001;2;3
6764;136;53;50.83333206;-81.5;2;3
6806;137;52.5;49.33333206;-83;2;3
6854;138;53.16666794;49;-81.33333588000001;2;3
6920;139;54.5;50.16666794;-81.33333588000001;2;3
6957;140;53.83333206;49.16666794;-82.33333588000001;2;3
7014;141;52.66666794;49.5;-82;2;3
7048;142;53.16666794;49;-82.16666411999999;2;3
7087;143;54.5;51;-83;2;3
7148;144;52;50.16666794;-80.66666411999999;2;3
7200;145;53.66666794;49.83333206;-82.16666411999999;2;3
7233;146;53.83333206;49.5;-83.83333588000001;2;3
7307;147;53.5;50;-82.33333588000001;2;3
7343;148;54;51;-83;2;3
7386;149;54;48.16666794;-81.83333588000001;2;3
7432;150;52.16666794;48.83333206;-83.5;2;3
7498;151;51.83333206;48.33333206;-82;2;3
7552;152;55;51.16666794;-82;2;3
7596;153;54.16666794;50;-81.16666411999999;2;3
7682;154;52.66666794;50;-83.16666411999999;2;3
7727;155;54.83333206;49.33333206;-82.5;2;3
7775;156;54.16666794;48.33333206;-82;2;3
7831;157;53.5;49.16666794;-83.5;2;3
7875;158;54.16666794;50.33333206;-82.66666411999999;2;3
7923;159;54;50.5;-82.5;2;3
7963;160;54.16666794;49.5;-82;2;3
8019;161;52.16666794;49.16666794;-81.5;2;3
8066;162;53.5;50.83333206;-82.33333588000001;2;3
8117;163;52.83333206;50.16666794;-82.5;2;3
8170;164;54.16666794;49.5;-82.66666411999999;2;3
8221;165;54.16666794;47.5;-83.16666411999999;2;3
8263;166;54.5;50.16666794;-82.16666411999999;2;3
8313;167;52.16666794;49.16666794;-79.66666411999999;2;3
8363;168;52;48.16666794;-83;2;3
8417;169;52.83333206;48.5;-81;2;3
8465;170;52.83333206;49;-82.16666411999999;2;3
8499;171;52.5;51.33333206;-82.16666411999999;2;3
8550;172;53.66666794;49;-82.5;2;3
8611;173;52.5;49;-82.5;2;3
8649;174;53.5;50.33333206;-84.33333588000001;2;3
8698;175;52.66666794;50.33333206;-82.33333588000001;2;3
8756;176;53.66666794;52.16666794;-81.83333588000001;2;3
8847;177;52;50.16666794;-83.66666411999999;2;3
8852;178;52;50.16666794;-83.66666411999999;2;3
8892;179;53.5;50;-82.66666411999999;2;3
8949;180;53.16666794;49;-83;2;3
9027;181;53.5;49.16666794;-83.16666411999999;2;3
9054;182;52.66666794;50.33333206;-81.16666411999999;2;3
9101;183;53;50.83333206;-84.33333588000001;2;3
9144;184;51.83333206;50;-82.66666411999999;2;3
9191;185;55;51.66666794;-82.33333588000001;2;3
9243;186;53.83333206;49.5;-82.33333588000001;2;3
9294;187;54.16666794;49.16666794;-81.5;2;3
9329;188;53.83333206;48.33333206;-83.16666411999999;2;3
9386;189;53;48.33333206;-82.33333588000001;2;3
9479;190;53.16666794;49.83333206;-82.5;2;3
9485;191;53.16666794;49.83333206;-82.5;2;3
9537;192;52.83333206;49;-82.5;2;3
9642;193;53.16666794;49;-83;2;3
9681;194;51;48.33333206;-82;2;3
9726;195;52;50.16666794;-82.16666411999999;2;3
9784;196;52.5;50.16666794;-83.33333588000001;2;3
9818;197;53.5;50.33333206;-83.16666411999999;2;3
9867;198;53.5;50.83333206;-83.5;2;3
9928;199;52.66666794;49.16666794;-82.66666411999999;2;3
9971;200;53;50.83333206;-82.66666411999999;2;3
10021;201;52.83333206;49.33333206;-83;2;3
10096;202;53.66666794;49.83333206;-84.16666411999999;2;3
10225;203;54;49.83333206;-82.16666411999999;2;3
10248;204;52.66666794;49.5;-81.5;2;3
10293;205;52.66666794;49.5;-81.5;2;3
10307;206;53;51.16666794;-84.33333588000001;2;3
10346;207;53;51.16666794;-84.33333588000001;2;3
10403;208;52;49;-83.33333588000001;2;3
10538;209;51;49.16666794;-82.66666411999999;2;3
10565;210;52.83333206;49.83333206;-81.83333588000001;2;3
10619;211;53.5;48.83333206;-82;2;3
10628;212;53.5;48.83333206;-82;2;3
10655;213;53;48;-82.66666411999999;2;3
10679;214;53;48;-82.66666411999999;2;3
10708;215;52.66666794;47.5;-84.33333588000001;2;3
10751;216;52.83333206;50.5;-82.5;2;3
10795;217;54.16666794;50;-82.33333588000001;2;3
10908;218;52.16666794;49.16666794;-82.66666411999999;2;3
10913;219;52.16666794;49.16666794;-82.66666411999999;2;3
10962;220;53;51.66666794;-82.66666411999999;2;3
10997;221;52.66666794;48.83333206;-82.33333588000001;2;3
11042;222;51.66666794;49.33333206;-81.83333588000001;2;3
11105;223;53.16666794;51;-82.5;2;3
11154;224;52.66666794;49.5;-83.16666411999999;2;3
11180;225;51.66666794;49;-83.66666411999999;2;3
11248;226;54.5;49.83333206;-81.83333588000001;2;3
11293;227;53.66666794;49;-83.66666411999999;2;3
11330;228;52.83333206;47;-82.5;2;3
11378;229;53.5;50;-82;2;3
11436;230;53;49.16666794;-83.5;2;3
11477;231;53.83333206;51.16666794;-82.33333588000001;2;3
11586;232;53.16666794;50.16666794;-83;2;3
11691;233;55.83333206;49.16666794;-83.16666411999999;2;3
11726;234;53.16666794;49.83333206;-83.33333588000001;2;3
11739;235;53.16666794;49.83333206;-83.33333588000001;2;3
11836;236;53.83333206;50;-82.66666411999999;2;3
11855;237;53.83333206;50;-82.66666411999999;2;3
11915;238;52.66666794;50;-84.33333588000001;2;3
11995;239;51.83333206;48.33333206;-83.5;2;3
12031;240;53.83333206;50.33333206;-83.5;2;3
12052;241;53.83333206;50.33333206;-83.5;2;3
12087;242;53.66666794;49.83333206;-84.83333588000001;2;3
12116;243;55;51.16666794;-82.33333588000001;2;3
12190;244;53;49.16666794;-83.16666411999999;2;3
12236;245;54.66666794;50.33333206;-83.5;2;3
12281;246;53.16666794;50.5;-83.33333588000001;2;3
12653;247;53.66666794;51.33333206;-81.83333588000001;2;3
12686;248;53.66666794;51.33333206;-81.83333588000001;2;3
12721;249;54;49.83333206;-84.16666411999999;2;3
12776;250;53;48.33333206;-83.83333588000001;2;3
12809;251;52.5;49.83333206;-83;2;3
12843;252;54.5;49;-81.83333588000001;2;3
12856;253;54.5;49;-81.83333588000001;2;3
12907;254;54.16666794;50;-83.83333588000001;2;3
12929;255;54.16666794;50;-83.83333588000001;2;3
12988;256;53.66666794;50.16666794;-82.16666411999999;2;3
12998;257;53.66666794;50.16666794;-82.16666411999999;2;3
13040;258;53;50.33333206;-82.66666411999999;2;3
13055;259;53;50.33333206;-82.66666411999999;2;3
13099;260;53.66666794;50.16666794;-81.83333588000001;2;3
13177;261;53.16666794;49;-83.66666411999999;2;3
13214;262;52.5;50.16666794;-83;2;3
13244;263;53;50;-82.33333588000001;2;3
13277;264;52.16666794;50.33333206;-82.33333588000001;2;3
13323;265;52.16666794;50.33333206;-82.33333588000001;2;3
13341;266;53.5;50;-82;2;3
13356;267;53.5;50;-82;2;3
13444;268;53.66666794;50.16666794;-83.33333588000001;2;3
13477;269;53.66666794;50.16666794;-83.33333588000001;2;3
13537;270;54;50.5;-83;2;3
13607;271;53.16666794;50.16666794;-82.5;2;3
13631;272;51.83333206;51.66666794;-83.16666411999999;2;3
13738;273;52.66666794;49.5;-83.83333588000001;2;3
13743;274;52.66666794;49.5;-83.83333588000001;2;3
13793;275;52;49;-83;2;3
13812;276;52.66666794;51.66666794;-82.66666411999999;2;3
13857;277;53.5;49.5;-82.33333588000001;2;3
13882;278;53.5;49.5;-82.33333588000001;2;3
13918;279;53.16666794;49.33333206;-83;2;3
14003;280;54;50.16666794;-82.5;2;3
14060;281;53.66666794;51;-83.33333588000001;2;3
14101;282;53.66666794;51;-83.33333588000001;2;3
14168;283;52.66666794;50.33333206;-83.16666411999999;2;3
14209;284;54.66666794;50;-82.66666411999999;2;3
14250;285;53.16666794;50.16666794;-83.66666411999999;2;3
14278;286;53.16666794;50.16666794;-83.66666411999999;2;3
14312;287;53.66666794;49;-84.83333588000001;2;3
14370;288;54.5;50.16666794;-83;2;3
14427;289;53.66666794;50.16666794;-82.5;2;3
14457;290;54;49;-83.66666411999999;2;3
14506;291;54.66666794;50;-82.66666411999999;2;3
14564;292;52.83333206;51;-82.5;2;3
14609;293;55;50.33333206;-83.16666411999999;2;3
14659;294;53.83333206;49.5;-82.66666411999999;2;3
14707;295;55.66666794;49;-83;2;3
14763;296;53.16666794;49.33333206;-82.16666411999999;2;3
14802;297;53.66666794;51;-84.16666411999999;2;3
14859;298;54.83333206;50.5;-84.16666411999999;2;3
14968;299;54;52.16666794;-82.5;2;3
14998;300;53;50.33333206;-82.33333588000001;2;3
